date cac40 dax ftse oseax smi
"2003-01-06" 0.699892668903476 2.05793006714611 -0.0874311535404893 -0.380829370852805 0.340271526500788
"2003-01-07" -1.54697760815889 -1.41883905276670 -1.1057055907976 -0.300825463660456 -0.595725607072626
"2003-01-08" -2.13914293863290 -3.92367761459135 -0.82718494541148 -1.85738409951127 -0.0962197979919673
"2003-01-09" 1.86353325532566 1.48178372996036 0.234132544477946 -0.0497842691994986 -0.501017454270047
"2003-01-10" 0.248399315356444 -0.0115226147903396 1.01415874093211 0.686492088519535 -0.0761936178375826
"2003-01-13" 0.306163794949491 0.764847168510807 -0.651320084993778 0.959771117921375 0.689799491489
"2003-01-14" 0.132726991276399 1.23618112899144 -0.0684072538362602 -0.28614662046053 1.57314141305555
"2003-01-15" -1.24813586025114 -1.6044273041615 -1.47575890420127 0.261651825481962 -2.14352807200650
"2003-01-16" 0.252658543741866 0.154337452873412 -0.154448136138577 0.41559771345475 -0.635761543630711
"2003-01-17" -2.76361563100439 -4.53087994675387 -1.58914852370754 -0.972428500392782 -1.57785967498891
"2003-01-20" -1.21311344541531 -0.869530302381522 -1.10539076903338 0.507823189779771 -1.56682204154106
"2003-01-21" -0.920761071479673 -0.797350566935768 -1.11507016743088 -0.360124795817177 -0.623776177741187
"2003-01-22" -2.05990973020992 -2.37311579648391 -1.58337428006424 -1.57847994527918 -2.84400028805379
"2003-01-23" -0.458513287585460 0.283909446608012 -1.5287550133831 -0.317036808183721 0.179035247027021
"2003-01-24" -0.66603072270715 -3.3788464454527 -0.512048061042541 -0.68757607792221 -1.13040723114720
"2003-01-27" -3.6116724364499 -2.76128122072437 -3.46989430135396 -3.04115005613406 -3.70610778454189
"2003-01-28" 0.153327942688362 1.03704298634273 0.263958379000253 -0.94118341823467 -0.255279785883308
"2003-01-29" 1.41772407832767 1.30944445554028 -0.177808415311151 -1.24225199985571 0.66468510173485
"2003-01-30" 2.57496613428616 -0.473673888313485 2.68759539126483 1.32102317368065 1.75724102510599
"2003-01-31" 0.811691381109977 1.98660975744235 -0.316256683180672 0.235941910476951 0.305724067600262
"2003-02-03" 0.675413504771196 0.151277707028385 3.3626804063276 -0.367261692972986 1.11082271914051
"2003-02-04" -3.23977150018386 -4.42080017564565 -2.72837859398987 -1.03910762369672 -2.66495116455631
"2003-02-05" 0.73485226617734 3.467502717538 2.43793716345113 0.168044969452907 0.702576322650099
"2003-02-06" -1.69350991821826 -2.86091014725557 -2.24592641864676 -1.13758780996075 -2.95544692976819
"2003-02-07" -1.40322283134284 -3.05331537024904 0.061143383133858 0.641484737183104 -0.813674139306171
"2003-02-10" -0.876297599497014 0.649802594084357 -0.560022638569564 -1.31410285080349 -1.61859868259913
"2003-02-11" 2.47888576857070 1.56954281751171 2.48622824942336 1.09183114337831 2.36413131992067
"2003-02-12" -2.53806078400875 -2.14503487183730 -1.45775576385655 -0.428151577249899 -2.43154272463065
"2003-02-13" -0.432969223762381 -0.623426876581603 -0.146674257293507 -1.38616080866244 0.170847662323572
"2003-02-14" 2.47399127983908 4.55895975915564 0.0304595236824095 0.181110255064932 2.69693657783405
"2003-02-17" 1.90447920327113 1.28209980337478 2.20427034551724 0.0904322723955452 2.45955720416166
"2003-02-18" 1.94173518885675 1.14405251406724 0.999752327922136 0.657689653929002 -1.24071070470538
"2003-02-19" -2.74051184155348 -4.30614601646156 -1.92756177787786 -1.40165969764876 -2.68282200870579
"2003-02-20" -1.93166636731853 -1.28033099188278 0.786880378985923 -1.57873861815104 0.0735913812604424
"2003-02-21" 0.899493491754117 2.19888900612747 1.07630889445624 0.212559573585312 0.348230183587449
"2003-02-24" -1.57497592632418 -2.97020811445563 -0.681126352824448 -0.806418607544528 -1.12724142484810
"2003-02-25" -3.73934126509354 -3.3957206265875 -2.19308831872356 -1.52860856125339 -2.06601445493158
"2003-02-26" -0.928508301208722 -1.43041926746572 -0.781730432137652 0.339622967953983 -1.0751472033638
"2003-02-27" 2.12981850293687 2.53951456189130 -0.653341613712237 0.806682922439295 0.779285382314445
"2003-02-28" 1.39932482753218 1.33710272461485 2.37226542211647 1.83287552562165 1.56710650030595
"2003-03-03" 0.296574745326813 0.102026810506352 0.792887278513762 1.77285428763375 0.935774758110319
"2003-03-04" -3.15953755095796 -1.92534478225985 -1.62520676980249 -1.21488348260237 -3.43035140481906
"2003-03-05" -0.797916980682594 -0.120422894900049 -1.71938355432337 -0.328917610379469 -1.99202812759614
"2003-03-06" -0.776622173234343 -2.45213916309066 -0.227563345334035 -0.467826381838393 -0.0908081991570888
"2003-03-07" -2.28902159138261 -0.240287474650958 -1.81074906273904 -0.488502745721493 -2.09879052442157
"2003-03-10" -2.40946151795324 -4.31179861912103 -1.60520797570487 -0.231256751691412 -3.89413923236656
"2003-03-11" -0.80647047965675 -1.02453456844191 0.484852953840909 0.323609916733502 -0.354315227736349
"2003-03-12" -3.69206595973389 -4.54089092266051 -4.91812389783356 0.488052904857794 -1.17659553535897
"2003-03-13" 6.12041118031679 6.644578030998 5.90377946535525 1.13263907225803 3.15743823660578
"2003-03-14" 7.00228557500541 2.05493305537242 3.24206311680804 0.51637565480597 5.69006161920962
"2003-03-17" 3.29262622750173 3.43283931014222 3.29080362951657 -0.625426919702527 2.82614961830819
"2003-03-18" -1.30950824636221 3.84492116101837 0.66938238589551 0.0545404976705171 0.850986898472287
"2003-03-19" 1.51940670791326 1.17735978251567 0.481851665063824 1.95281796204010 2.27832722445366
"2003-03-20" -1.52155350596405 -0.397313202372362 0.00796696366158336 -0.563029325939257 0.547561915658369
"2003-03-21" 3.37204867054256 4.14389606156719 2.50183500275093 1.64440841535691 3.8478168976171
"2003-03-24" -5.8344671714625 -6.33601134906121 -3.09845416495058 -2.12954098124568 -5.12779303817522
"2003-03-25" 2.49676174046888 3.38466130891588 0.498315555574505 0.896545363341342 0.774640983216005
"2003-03-26" -0.294805303647028 -2.17708769019914 0.823289583578121 0.0267725672028726 -0.387747674642054
"2003-03-27" -2.34912079749985 0.182826029257230 -1.70167090365251 -0.348603704987418 -1.24622537822121
"2003-03-28" 0.372445370266756 -2.47657562648985 -0.553943548361911 -0.0447807987421639 0.311827057876988
"2003-03-31" -4.28135482465327 -3.922674290758 -2.60059999858876 -0.926974193840639 -2.9423817531685
"2003-04-01" 0.631200344436307 1.08001361642466 1.95947678756955 -0.171937963718876 1.21396437985269
"2003-04-02" 4.04746149851899 5.52413063933137 1.84458457907514 1.00929035553999 3.24972694738015
"2003-04-03" 1.61989743885148 -0.757491275034793 0.470464021452751 0.750338491336542 1.28151719514545
"2003-04-04" 1.75135326883584 3.22623446317019 1.14166423592762 0.488260546547764 1.35425670161874
"2003-04-07" 3.38536287807911 5.67128771346336 3.13307864420135 3.34409426006255 2.3545343015895
"2003-04-08" -1.44688149387123 -1.47580201540705 -1.71697834525158 -0.549640682948491 -0.573937727870035
"2003-04-09" -0.189568925964167 -1.22468537477242 -0.191456941875721 0.763526207443742 0.174539640183615
"2003-04-10" -2.78955912472172 -1.36251923723374 -1.51607010940039 -0.729085015438067 -2.22909647839836
"2003-04-11" 1.04698904945437 1.35703282068533 0.126126616294410 0.455229474153001 1.67533927636382
"2003-04-14" 1.28968096677901 1.55445330920674 1.07869149103669 0.265308897974016 1.01326147912861
"2003-04-15" 1.60583110839357 2.04395003459642 1.73577018969287 0.97810688351607 2.45981606638892
"2003-04-16" -0.90636515866221 -0.333639950407403 -1.59299275542031 0.683229851898279 -1.06091368351828
"2003-04-17" 0.119093454098748 2.62397881996917 0.885841461175282 0 -0.72684342722233
"2003-04-22" 0.550127737578025 2.08786680327378 0.730126595896929 -0.311513617519567 0.167863098500462
"2003-04-23" 1.63582996636384 0.452879790651413 1.23793468475865 1.89606849567085 1.21955405934429
"2003-04-24" -2.03324249840661 -2.82254392789839 -1.71639837594603 -0.855877923898727 -1.48915556623101
"2003-04-25" -1.25829681375287 -1.86362802639936 -0.741392470755039 0.233391787197364 -0.960541014998219
"2003-04-28" 2.84839013559448 3.99524833775845 1.79506772502474 -0.291824945502598 1.78473361301668
"2003-04-29" -0.297774383621667 -1.53374728308240 -0.317738984417157 2.34372833907381 -1.01911148047312
"2003-04-30" 0.436681175798472 1.13075892910588 -0.0458376844716324 -0.384097231911384 0.715787878824673
"2003-05-02" 0.319430232788643 1.48314808371142 0.675249436992771 0.375940292390575 -0.582847438710835
"2003-05-06" 3.13744449972579 2.67488833064204 1.35194922593907 1.88280783079749 2.71290445028587
"2003-05-07" -1.10499815457853 -2.0193058743537 -0.337529854280194 0.813207064571875 -0.215726542512379
"2003-05-08" -2.84400021489502 -4.05913436846757 -1.61582954572627 -0.469577845629429 -2.39095265601188
"2003-05-09" 0.972403405608761 2.41373972205157 1.02554612924982 0.929057383314571 -0.234731495351149
"2003-05-12" -0.177387526870292 -0.655940321090478 0.452443965056826 0.094801713530866 -0.685193221558483
"2003-05-13" 0.0337480977713184 -0.934127509961478 0.312997138079600 0.181452457975022 1.30625145544134
"2003-05-14" -0.0607547787131188 0.551065654515935 -0.624461270109017 0.652082288598675 0.176110642972397
"2003-05-15" 1.14640695196771 2.14194525910882 0.904076980938136 1.09809911481338 0.307449293480388
"2003-05-16" -0.0370565116036037 -0.0100360293537773 0.940441913434752 1.26223487584050 0.747103547119937
"2003-05-19" -4.35334921344696 -4.7408085435741 -2.69593189228824 -1.16933404079323 -2.32061667538042
"2003-05-20" 0.347111958654237 -0.413034169452976 0.76584180501603 0.224154683227975 0.555322513748521
"2003-05-21" 0.136842163176583 -0.412271284834209 -0.89024361346085 -1.71317069554877 -1.42333691229145
"2003-05-22" 0.763081391841348 1.33371381405244 1.36248764608868 1.45031781904347 2.66274474929897
"2003-05-23" -0.210674114155811 -1.49017180762588 -0.265990972615199 -0.0542026417699399 0.0721729557720959
"2003-05-27" -0.196592348537925 1.78256712921784 0.316098705286592 -1.49041032806055 -0.157535478055432
"2003-05-28" 1.99079348977127 1.5860470498049 1.97171671595977 2.98945827053291 2.12322201057741
"2003-05-30" 1.41855422492290 2.13961555986761 -0.586208575254324 -0.0457910410199247 -0.731532157637288
"2003-06-02" 1.87321187188153 2.70817775799298 1.98602658448570 1.98026272961797 2.64249947748959
"2003-06-03" -0.292720155529807 -1.23914393475691 -0.329897206411415 0.767886876027659 -0.880876849992069
"2003-06-04" 0.80088774313968 1.74235270160646 0.264489435090076 2.25438192127150 0.748291307645864
"2003-06-05" -0.97673425538731 -1.31575255376920 -0.541861875695148 -0.882476645543666 -0.88629997101475
"2003-06-06" 1.93044341329576 2.84426085757521 1.12658821369453 2.29562200764058 1.68754597252995
"2003-06-10" -0.303057025957232 0.410990080410157 -0.91483975006993 -0.473628441895222 0.0459501240383666
"2003-06-11" 1.22629744448104 1.19681921841464 0.897974108954884 1.28646714186471 1.06759623223129
"2003-06-12" 0.964614129790966 1.29174832383699 0.269509511738107 -0.920284718687176 0.820950035308933
"2003-06-13" -1.38061000481495 -1.58921847320514 -0.65578748413741 -1.42194463400499 -1.75916394565187
"2003-06-16" 2.08651574405419 2.97820466410307 0.453723476581889 0.319349959313923 2.17222712625890
"2003-06-17" 0.823816782312369 0.671047155713294 0.89893093916484 0.671652400356557 1.02323452458520
"2003-06-18" 0.410933002023571 0.536217094225942 0.395360983707349 -0.48342386436514 0.838760662410304
"2003-06-19" -1.53698681915162 -1.74138841717457 -1.81092674492818 1.93401916707505 -1.48925183601667
"2003-06-20" 0.793077978798632 -0.250690454736092 0.689857528668931 -0.654806610140461 0.367308007705362
"2003-06-23" -2.24660165558565 -1.63698508824001 -1.75077216831139 0.463079230265695 -2.27201021306388
"2003-06-24" -0.511043155873002 0.96663166594997 -0.662676683843383 -0.341758965608159 0.0642160997323462
"2003-06-25" 0.172568152496194 -0.577293940125491 0.172227185569709 -0.264238682581488 0.0641748891201309
"2003-06-26" -0.168701425679970 1.31678103388298 -0.646150023583273 0.278501983133397 0.324383800801981
"2003-06-27" 0.178994587812814 -0.512228380611343 0.64369172251502 0.767212685609538 0.00206277009402420
"2003-06-30" -0.80476833956402 -0.126605077389849 -0.90382143850068 -0.752951419184914 -0.707960231101923
"2003-07-01" -2.33236204487567 -2.32548530287279 -1.68357092781074 -0.794592390731054 -2.37333121831258
"2003-07-02" 2.16913431898794 2.95876514222720 1.07894859100207 1.28536474033813 1.87559499002501
"2003-07-03" 0.421963433738873 0.0271480930132094 0.445734517880731 -0.113587971889090 0.752931030516876
"2003-07-04" -0.638822253304238 -0.0712794694402235 -0.082025283298512 0 0.0538603373076908
"2003-07-07" 3.51106238642464 2.83808424757675 1.31666983717876 1.42466617254985 2.13907516756844
"2003-07-08" -0.132701083597596 0.347145090604408 -0.0294536352824021 -0.956945101615079 -0.426613140675981
"2003-07-09" -1.20421214926214 -0.660880265980058 -0.465042728779312 -0.966191091173675 -0.879261364427746
"2003-07-10" -1.33533878765712 -1.59553888623257 -0.640813722526619 -0.889149698401094 -0.201476189121661
"2003-07-11" 1.28245738729766 1.71826523094616 0.724631891322985 1.62884012648957 1.12144587896402
"2003-07-14" 1.64213218366860 2.06951743640232 1.69812404783016 1.56088383072920 1.38434990058255
"2003-07-15" -0.342253174158448 -0.33565590536709 -0.60995802773134 0.895932651986735 -0.503019169299879
"2003-07-16" -0.903948462190164 0.0871192096835532 -0.621059260669773 1.45517016225653 -0.35160075018881
"2003-07-17" -0.679929180997988 -1.69570264153920 -0.5040767032861 -1.04117660884933 -0.688586249607642
"2003-07-18" -0.00511298090093267 1.07595190336825 0.408374697282309 -0.71868183011571 0.0814962760561616
"2003-07-21" -1.55068829070542 -2.39607117013162 -0.712044893238215 0.117830545603226 -0.633340217430159
"2003-07-22" 0.374493446705954 0.94321040209220 0.871497391789486 -0.0207835395115825 -0.162043007612887
"2003-07-23" -0.103849392141117 -0.412827514580148 0.166540167316153 0.752376284243852 0.662918028730384
"2003-07-24" 2.15977285272928 2.10628660116843 1.53230860810062 1.32524652850862 1.35505349567320
"2003-07-25" -1.51738099283746 -0.532703945965289 -0.444402238486716 -0.108636621222107 -0.496138806879195
"2003-07-28" 1.77268856817566 1.79733415066955 0.425121413207672 0.582539072017654 1.20580239103581
"2003-07-29" -0.714728155603652 0.302371434121951 -0.284824832298844 0.62615925842956 -0.268037685728029
"2003-07-30" 0.953941579780929 0.0265416391749494 0.101471343054638 -0.302490735809752 1.01632966646321
"2003-07-31" 1.18319730645322 1.70109452776201 0.380805936067943 1.19785953985928 0.70139677234903
"2003-08-01" -1.27401839201625 -1.41396227304082 -1.4197006627645 0.669608362663255 -0.677607073176525
"2003-08-04" -0.875532200063679 -0.981276685432481 0.0414710013872041 -0.430421483631248 -1.09221000452321
"2003-08-05" 1.44118798595871 0.965863547883353 0.508448869995291 0.258475141419314 1.11797579364394
"2003-08-06" -1.94692042000443 -1.84037527590658 -1.2354577633069 -0.597492317251833 -0.961785209417033
"2003-08-07" 0.140968679395473 -1.30511502071872 0.617195199491324 -0.086600278536166 -0.246411631898587
"2003-08-08" 1.10959596515269 0.010503996780434 1.26648464786127 1.8423050692323 0.384377162405596
"2003-08-11" 0.718627036368339 0.220030005643859 0.694338785685268 -0.445902378161901 -0.0339738404698597
"2003-08-12" 0.622525089271133 1.25364481431425 0.212860178669786 0.655052781201355 0.927129972329551
"2003-08-13" -0.00529901235884600 0.506740900900476 -0.117136620974012 0.182648452603428 -0.380952841666784
"2003-08-14" 1.65821387805163 1.57076259296616 1.35655700298467 -0.0456308472439540 0.811740979467433
"2003-08-15" 0.535400787583885 -0.254327250474539 0.223922027306729 0.69523687333471 1.28523378777609
"2003-08-18" 0.664714793005461 1.82132909713652 0.582202268976387 0.632545838506043 0.590040918394361
"2003-08-19" 0.290995973501980 -0.0770134783121249 -0.499830910722253 0.0385976202926184 0.363159107207289
"2003-08-20" -0.921257183222674 -0.094208201367670 -0.788837608862555 -0.911006139033879 -0.628634842277475
"2003-08-21" 0.791895751153762 1.81815471533983 0.144534375763668 1.30257193766383 1.04425983927450
"2003-08-22" 0.680292161129902 -0.461592044289327 0.0568087690142444 0.40280096659634 0.820389933764915
"2003-08-26" -2.19576125322107 -2.67185853825857 -1.15432124364771 -1.25206297116170 -1.80645610286830
"2003-08-27" 0.71381777873492 0.795558316706759 0.691813155440015 0.290332150132454 0.450821625130787
"2003-08-28" 1.30034226762191 0.274952687284325 -0.199895359503833 0.507664233316524 0.40458585195438
"2003-08-29" -0.347584220002351 -0.231896624756216 -0.882875900196636 0.38385307191846 -1.48764995119314
"2003-09-01" 1.41233003318695 2.45597536570332 1.03521335705874 1.19959548389927 1.80631107739139
"2003-09-02" 0.160953258646072 -0.112629977641123 0 0.226871788765071 -0.62676843714271
"2003-09-03" 1.73431530423925 2.2263768683754 1.36304005969419 0.696298644851831 2.02374222405041
"2003-09-04" -0.353846950807418 0.578445554947244 -0.312540643795176 0.784561932214397 0.147311590597481
"2003-09-05" -0.527381488793911 -1.67559765345114 0.197507705869977 -0.828329713573978 0.222444339277972
"2003-09-08" 0.498937450780349 0.93307009753646 0.816445647350904 0.691785501693845 0.482770570123757
"2003-09-09" -1.01578180928165 -1.30268442313963 -0.659188922732242 -0.279877036876442 -0.724088887903689
"2003-09-10" -1.38875168432429 -1.61349235374893 -0.277125588348047 -1.43020879708591 0.158430813976282
"2003-09-11" 0.585297973400728 0.844069811155502 -0.233097594447929 -0.735577191106773 0.143126201457445
"2003-09-12" -0.770225115214243 -1.66196752213821 -0.103773594218431 -1.0171205549687 -0.112977341232842
"2003-09-15" 0.474409830278891 0.234896618298255 0.543613891226043 0.640904584366286 0.449269988260498
"2003-09-16" 1.42906947729002 1.36817808706122 0.890203194108952 0.763702559925115 0.741844550988872
"2003-09-17" 0.221817875899985 -0.104409632010592 -0.139664827172098 0.114053997916911 0.510664693865493
"2003-09-18" 0.619187930851191 1.42173437779841 0.504200796290497 -0.813891438798115 0.438017611093194
"2003-09-19" -1.21881411260149 -0.926756666409693 -1.34631103593132 -0.313329539842588 -0.656819849321461
"2003-09-22" -2.72498717192456 -3.48096330836624 -0.678831626712056 -2.43756396472812 -2.44086411081088
"2003-09-23" -0.51641665601897 -1.31786060877191 -0.153848004877745 -0.177345772121185 -0.855816333710217
"2003-09-24" -0.0692209001240504 -3.08671258711387 0.347596145725979 0.727085376502328 0.350471004425118
"2003-09-25" -1.02367269458222 0.570731513748414 -0.810565431456533 -1.64509862606220 -1.34922605295131
"2003-09-26" -0.427466411775633 -0.0426995760586275 -1.07904818821696 -1.81439717789556 -0.569381341785232
"2003-09-29" -0.875819551103018 -0.0442222974823659 -0.346996661336405 0.639797447965964 -0.566761992415596
"2003-09-30" -1.69904620077203 -2.02433601429486 -1.24849812149145 -0.781780501465556 -1.15911329485906
"2003-10-01" 1.77114968179146 2.2182274447674 1.88614029206667 1.58413837641518 0.346380671918796
"2003-10-02" 0.0604641345499011 -1.6102744532287 0.95246772356693 0.650516731432038 0.333369806420219
"2003-10-03" 3.18767069332191 4.2529603551299 1.53013087782565 1.16429534274864 2.4356811508281
"2003-10-06" -0.456085877835536 -0.412960312307433 -0.0912910726900768 0.443720140747680 -0.802736688091646
"2003-10-07" -0.81425028100409 -1.45342753091304 0.044485548783875 -0.404489069236286 -0.735040061238924
"2003-10-08" -0.188825524785687 1.17167258292189 -0.079619703056301 0.71652208585096 0.438174393117533
"2003-10-09" 2.32394540369853 2.51771637524782 1.05564627278965 0.685643048255612 1.38172788760405
"2003-10-10" -0.569137020375548 -0.306336216778455 -0.0672471590229551 0.770568251299315 -0.255222114494831
"2003-10-13" 1.62668629511502 1.91570617930073 1.18295454404152 1.03726788292157 1.3037894782987
"2003-10-14" -0.460536156479434 -0.00734824462070533 -0.648546498410427 0.574442131348339 -0.357183949302506
"2003-10-15" 0.895260061391066 0.912970859586297 0.797439563449859 1.01453776011327 0.161650774515176
"2003-10-16" -0.519572737674124 0.199767843388704 -0.668315055665967 -0.243301533039596 0.00760066126118159
"2003-10-17" -0.112349349716462 -1.72112068946074 0.09903613324871 0.486012546172751 -0.296854702212151
"2003-10-20" 0.151358982016811 1.20578057836676 0.0805384614666721 -0.54224321836133 0.367133445785717
"2003-10-21" 0.133886751824942 0.581282162716486 0.110347375504312 0.0312431658116968 -0.165328556828003
"2003-10-22" -1.81823190831906 -2.53115053230484 -1.54438754167305 -0.494786967521026 -1.55832373790717
"2003-10-23" -1.16980345680070 0.187185038641511 -1.06501276418871 -1.08580070604062 -1.04082651524304
"2003-10-24" 0.0606379869619116 -1.28063357899955 -0.0283045572226494 0.519119930035094 0.0136629354053332
"2003-10-27" 1.22687858120713 1.8497630606463 0.289742614629735 1.05521989122376 0.659452070315498
"2003-10-28" 1.36844841459399 1.96598970332746 0.506793510971557 0.311915411965090 0.533705872947731
"2003-10-29" 0.440535903187161 0.791134798991339 -0.168645953821173 0.223978193553573 -0.148609945614858
"2003-10-30" 0.604356688466809 0.668223925790545 0.82180090361207 1.9387012103545 0.878792660268444
"2003-10-31" -0.418900822014343 0.447664766582831 -0.309716728919473 0.255676769219635 -0.226170721063841
"2003-11-03" 1.93392372789136 2.39211783488812 1.04406878678266 1.41863476007821 2.05495788772229
"2003-11-04" -0.415509027439357 -0.0745370522379543 -0.0531000024020249 0.119810713427374 -1.27701159320118
"2003-11-05" -0.925783152693204 -0.643752868337545 -0.623141574182008 -0.877937088233666 -0.935417569355966
"2003-11-06" 0.556321902441509 0.435610078989702 0.482174423909978 1.30807097322716 0.622672982936464
"2003-11-07" 1.19296829004810 1.29397307879240 1.21135590728031 1.14984671329435 1.21307952511669
"2003-11-10" -0.812412149274078 -0.964835877018013 -0.805170257659836 -0.514018442916089 -1.08900884618643
"2003-11-11" -0.560368251883406 -0.437928980772736 0.0759764739721223 -0.737220937043336 0.344680179379465
"2003-11-12" 0.146689967774588 0.493969480839713 0.598879754204002 0.303870106016232 0.195614872127306
"2003-11-13" 0.0439650631385621 0.459148017213864 0.0411701476504337 -0.0297503944121567 1.04375033336897
"2003-11-14" 1.05085391655038 0.841206654519863 0.547321776788945 -0.196574895764477 0.82089524806172
"2003-11-17" -2.6235732646518 -3.28886672648316 -1.33016304330142 -1.33255273126845 -1.7868858172402
"2003-11-18" -0.190101096846046 -0.225043073826119 0.363486182849157 -0.302590402749881 -0.471277690386332
"2003-11-19" -0.284933663497184 -0.382315590079034 -0.628882182295817 -0.95001018983865 -1.00120482188923
"2003-11-20" -0.5696072703339 -0.390929303558265 -0.449314047705002 0.171180576128361 0.063470695019161
"2003-11-21" 1.24745471264268 0.115654746425631 0.255013468442197 0.784890403433026 0.103774319406008
"2003-11-24" 1.35525379268118 2.57056111508062 1.45726255481126 1.31256023704295 1.87049379292408
"2003-11-25" 0.17861853596721 -0.105217371910328 0.143653614333634 0.143454896090012 0.0847960705435228
"2003-11-26" -0.0866340672389949 -0.542027128317050 -0.420139903322624 -0.623129637616859 -0.247051072840487
"2003-11-27" 0.4810980748004 0.858415803814785 -0.210733751853485 0.359971591011268 0.455907799717215
"2003-11-28" -0.200395315332613 0.0256309623426597 -0.425107204071729 -0.0479214098064932 -0.0507628539624001
"2003-12-01" 1.89360760409873 1.98892530516411 1.54014423812201 0.50799451840018 1.07367010972397
"2003-12-02" -0.528575860230911 -0.312956486114949 -0.707713816423201 0.493563871754511 0.0613776511628922
"2003-12-03" 0.862377168144874 1.72810263301447 0.298715291270684 0.0415146938323154 1.15539833592085
"2003-12-04" -0.153747701209004 -0.0227083882665027 -0.314702318973713 -0.678251053206412 -0.252123397906480
"2003-12-05" -1.13351104131355 -0.856610102111801 -0.256140651406839 0.303996896110595 -1.14714798433319
"2003-12-08" -0.645093320300354 -0.920214592901487 -0.165008975424606 0.166508126005922 -0.0951040155225262
"2003-12-09" 0.615584810352759 1.03598078935757 0.453121126795513 1.96511589265634 0.602657975206125
"2003-12-10" -0.500945939298262 -0.658921662541285 -1.01435178384468 -0.496452849222371 -0.881030145887492
"2003-12-11" 0.841211027087346 0.987798030832025 -0.0946150277697282 0.169655172760785 1.07926095509217
"2003-12-12" 0.0778266235146438 0.0331650039702866 0.375624080590620 -0.280964830112926 -0.101845259573993
"2003-12-15" 0.5694583138872 0.396608410671489 0.00920005520681788 0.904455472695412 0.5450510967011
"2003-12-16" -0.109502348616061 -0.245173830579930 -0.345582650119065 -0.413283861921126 -0.810335226716838
"2003-12-17" -0.193211256019871 -0.477342726939126 0.488075377223676 0.0816278979497706 -0.499079231044546
"2003-12-18" 0.668475426719661 0.604009117571646 0.98498196787197 1.7276177191869 1.10098305857956
"2003-12-19" -0.0334035191000737 0.708947147052984 0.340537924440538 0.125944601030685 -0.0443246045745542
"2003-12-22" -0.170903572556361 -0.552516015824573 0.264816876689956 0.542037672070204 -0.474022292622493
"2003-12-23" 0.115206233306436 0.678641419636335 0.381279438538524 0.510813302103335 0.544193846477834
"2003-12-29" 0.589671379665882 1.25713526445547 0.373101214973948 0.800680905679462 0.515540985710169
"2003-12-30" 0.238015309593342 0.314225783563808 0.28898193253472 -0.0112327997871637 0.779295995464745
"2004-01-05" 2.21684265673891 1.76831178152893 0.95507031838683 2.63844148723961 1.71450837223258
"2004-01-06" -0.346191617126004 -0.0113983551801317 -0.179630807296963 0.996116338760211 0.248674016494608
"2004-01-07" -0.902604555351584 -0.772158506247699 -0.717296074069332 -0.586671246480841 -0.236136066791175
"2004-01-08" 0.816634500463898 1.01940923764952 0.472835210498396 0.212250753170815 0.387898774798492
"2004-01-09" -0.500312866522022 -0.72566468375456 -0.622735118870948 -0.00543670318452631 -0.54383933390829
"2004-01-12" -0.412059616803394 -0.50598640919925 -0.374612086942208 1.29103751333792 -1.20913910869577
"2004-01-13" 0.450655725787915 0.0077576315739551 -0.213730578453559 0.219809765490312 0.928911150431754
"2004-01-14" 1.01187025582719 1.46535598166932 0.47857194075165 0.954037882454155 1.16602712457369
"2004-01-15" 0.398369479474699 0.333335283216101 -0.118867409566596 -0.846988683128984 0.119055037029428
"2004-01-16" 1.22844160760042 1.04861487073837 0.711094230734847 1.10657084886246 1.12137504597874
"2004-01-19" 0.493632289411746 0.685448829689491 0.67066651561106 0.617106839843338 0.0684636949738245
"2004-01-20" -0.810326930391554 -0.81272964949633 -0.416972236763918 0.811714021900186 -0.579028184352273
"2004-01-21" 0.441351374839987 0.767307829813158 0.264136439013695 0.473502979015612 0.347115504423548
"2004-01-22" 0.521435043188313 0.0439725058124705 -0.765468802181027 1.34576265993392 0.634722380606354
"2004-01-23" -0.060630997288404 0.288723006172588 -0.358038334501198 -0.977877066648928 0.719258419005551
"2004-01-26" -0.478758099891902 -0.559145760688723 -0.343577356495637 -0.373076757923939 -0.246716366718097
"2004-01-27" 0.588624728539795 0.138930932053823 0.0337362949502760 0.191893843081898 0.729696194735051
"2004-01-28" 0.2530993854027 0.381911128005072 0.473355080662865 -1.09404581731836 0.219080811109610
"2004-01-29" -1.20749076384659 -1.32260794462784 -1.27484946551656 0.0942457790059291 -0.606664782478774
"2004-01-30" -0.653634698651335 -0.910199788873169 -0.472610000130779 0.0680111983107043 -0.552823757239664
"2004-02-02" 0.727877399255042 0.319795603531629 -0.212035965945252 -0.592726433058789 0.900680292837715
"2004-02-03" -0.734198989549392 -0.346655762069482 0.209758398842351 -0.273943907489264 -0.925088821996327
"2004-02-04" -0.845738695711482 -0.720765733664 0.179768170290676 1.10695461829741 0.70543965335929
"2004-02-05" 0.075922573709082 -0.337678546840553 -0.321078735116101 -0.0104351455797441 -0.30172212454271
"2004-02-06" 0.398340270993059 0.749403614920552 0.416520273061334 -0.292627057328409 0.911053833335558
"2004-02-09" 1.07047101962551 1.32566443176466 0.717433003341335 1.29463424676626 1.00850975064457
"2004-02-10" 0.128747538985313 0.288193413162152 -0.667476146859335 0.211574762207207 0.173620020123443
"2004-02-11" 0.255911278605416 0.275964105484575 -0.202252111348948 0.795835073451042 0.0357079096813320
"2004-02-12" 0.100823308234717 -0.0123729198186500 -0.417156422899419 0.804771826762986 -0.603644149339773
"2004-02-13" -0.87902460722303 -1.57974600994556 0.78046290788753 -1.31234809145923 0.0410403740434418
"2004-02-16" 0.784182875733717 0.329990665502324 -0.0884343772558256 -0.0308451575548609 0.155458591352256
"2004-02-17" 0.697656140711748 0.622069228455988 1.20412747393712 1.03834594454335 0.230181092091570
"2004-02-18" 0.140297129114937 -0.012696552414747 -0.417771597246852 1.40470199183015 -0.733305281666165
"2004-02-19" 1.34703992005056 1.12155428407892 1.62307520196543 2.14933943436744 0.782682533378144
"2004-02-20" -0.695088616583604 -1.6599528062213 -0.0132881536306118 0.519201793301834 -0.308581707815142
"2004-02-23" -0.0570706686997666 -0.113976082276502 0.205768218366320 0.788325250441241 0.403861940973575
"2004-02-24" -1.28693989772556 -1.91789385848752 -0.609683634688369 -0.983933900029234 -1.34225607045631
"2004-02-25" 0.519627980227582 0.0981624667517593 0.237664338960715 0.200493966768181 0.167049886866050
"2004-02-26" 0.319800949908992 0.311627548940735 0.186182645709561 0.681599522916956 -0.242917191698254
"2004-02-27" 0.294357820745473 0.257912893700541 -0.526194306987344 1.05698515368784 0.0172476241825412
"2004-03-01" 0.626949557779567 0.898602407960805 0.992344119926948 1.68055179822315 0.555504433890865
"2004-03-02" 0.968653341288786 1.12597866153962 0.0683037560569608 0.747834071035628 1.1187973781083
"2004-03-03" -0.711839238412331 -0.700929443745634 -0.330936188718228 -0.573309840987122 -0.409568486876813
"2004-03-04" 0.489155571289218 1.51316399566265 0.748555927031815 0.418558233279015 1.05365770754975
"2004-03-05" -0.420003137958508 -0.184989737884851 -0.263556850194819 0.500902201258167 -0.652569474407212
"2004-03-08" 0.537489577027341 0.479925680572815 0.147238211834332 0.711912366256216 -0.191845767353723
"2004-03-09" -1.17978440703855 -1.41958334828823 -0.259460555856060 -1.99964517169015 -0.437697087356480
"2004-03-10" 0.56196713125632 -1.05383864409988 0.0726288368395819 -1.14651240422298 0.311863850782718
"2004-03-11" -3.01622428453863 -3.51624030110948 -2.22688697224081 -2.18640807756410 -2.94225198199199
"2004-03-12" 0.420076121859499 0.266740819995524 0.498172158796503 0.122186667531726 -0.108703285828498
"2004-03-15" -2.43087200187835 -2.70837430005993 -1.22745142084348 -2.01797804199314 -1.41688470278228
"2004-03-16" 0.396544443850362 0.304200477472357 0.361917651713032 1.00174405756157 0.459770924862933
"2004-03-17" 1.87745020446633 1.92824882122877 0.627977349845386 0.482403101396373 0.811406413230509
"2004-03-18" -1.82339629970607 -1.79595776164668 -1.33038654584063 0.303996311581756 -1.46352276418668
"2004-03-19" 0.646931563282838 -0.216567491249726 0.449204439730763 -0.0342759215009554 0.213694320479501
"2004-03-22" -2.07095832024249 -2.38261067408943 -1.91744433606509 -2.74561121477334 -2.75027478430416
"2004-03-23" 0.0194939209248989 -0.0109948310996227 -0.353663556451588 0.916954940387858 0.743254050075884
"2004-03-24" -0.608075137129445 -0.073777081210772 -0.210943645020749 -0.0149644594368353 -0.105322423435200
"2004-03-25" 1.46570826105367 2.27789403071023 1.47877853106568 0.308811322765432 1.591555093013
"2004-03-26" 0.61400848234786 0.272718510713261 -0.368797018661357 0.347515615585861 -0.094818108416084
"2004-03-29" 1.15657817868264 1.52970823796470 1.12276116113028 1.15300612155374 1.0185998746812
"2004-03-30" -0.388185117770028 -0.185937652292808 0.138329859350383 -1.81931061042468 -0.374535597088055
"2004-03-31" 0.141608480421581 -0.448599463424826 -0.616016041330287 0.76042214287731 -0.0800590700757827
"2004-04-01" 1.22684778906057 1.75162384011153 0.568415881764316 -0.342219800822133 1.73266857348230
"2004-04-02" 1.88753345054214 2.08644244593799 1.23701767787347 2.43920517027147 1.17900056292443
"2004-04-05" 1.09798726033214 1.01785839423691 0.337570042121322 1.06581510963859 0.529316143729149
"2004-04-06" -0.932345132269568 -0.639047892947656 -0.176467349083542 -0.514609768589297 -0.828834195882364
"2004-04-07" -0.308796115265646 -0.539634433784477 -0.0917072143901857 0.873745357027371 0.0658670203387795
"2004-04-08" 0.148501566488897 0.308683425618240 0.468834579076884 0 0.55812490986724
"2004-04-13" 0.920323736509444 1.43206796197166 0.579647394992479 1.05554422412205 0.0189526099172700
"2004-04-14" -1.15267219224878 -1.45100570420088 -0.675468061703887 -1.57791380146747 -0.74703351088687
"2004-04-15" -0.232620953037897 -0.203557841031206 0.447119498290344 0.622696843721315 0.403607022916808
"2004-04-16" 0.771442144886309 0.730728415992773 0.70332487916025 0.176522552456915 -0.254446456895886
"2004-04-19" -0.217744668434945 -0.221117963787693 0.195959769868819 -0.252953243098393 0.309750457475895
"2004-04-20" 0.79820987179701 0.891895798789469 0.500264339788879 0.433922908641966 0.712751575535164
"2004-04-21" -0.805689922771706 -0.865067566385491 -0.638937720218137 -1.07152424413178 -0.586703677918429
"2004-04-22" 1.12636838431813 0.816300774126102 0.700201506485782 -1.08799216403689 -0.094952832843929
"2004-04-23" 0.681326003582835 1.08959188999688 -0.0393795537697447 0.977316792443244 0.491054339264262
"2004-04-26" -0.681326003582834 0.539770067849545 0.0393795537697498 -0.627869727465892 1.07870747589416
"2004-04-27" -0.0914419882841605 0.200243894643046 0.0852692044012481 -0.485673611294982 -0.202544641815163
"2004-04-28" -1.58571043020007 -1.66738823612524 -1.12526186787723 -1.49110080707224 -1.31023465507357
"2004-04-29" -0.89585298501205 -1.40763843328647 -0.110570555272229 -2.30952529547485 -0.157212364046329
"2004-04-30" -0.410393763089914 -0.592937544995773 -0.661548387916304 -0.506997638437497 -0.162655120562740
"2004-05-04" 0.718911526998343 0.138917469268328 1.27257745434789 0.976209669536012 0.953118615602055
"2004-05-05" 0.769568962760745 0.782497113103682 0.489213080947487 1.34491940470885 1.04941709942140
"2004-05-06" -2.01076038387891 -2.8404897250801 -1.17328574437151 -0.418035843175783 -1.00311325966285
"2004-05-07" -0.0536374993703322 -0.354127799583491 -0.394915429054944 -1.79641029783879 -0.0806168086816917
"2004-05-10" -2.77072006779328 -2.89151357753663 -2.32087416369825 -3.27728981968131 -3.24192478442271
"2004-05-11" 1.48219972176371 1.70887457230726 1.34466822291160 1.49971567346807 1.43074530984953
"2004-05-12" -1.17339142205915 -1.93027834090785 -0.942764887910387 0.299324164237104 -1.37581339745792
"2004-05-13" 1.39026948896739 1.28113608719653 0.922559466053471 1.21387441490317 1.22718208933133
"2004-05-14" -0.304260712728023 -0.572364282679175 -0.269796467444864 0.365872657745129 -0.519317634367918
"2004-05-17" -1.40410451806239 -1.28960287888421 -0.877357292135386 0 -1.36548092982407
"2004-05-18" 0.452672434389199 0.924497643966961 0.258579770726771 -0.416794341297852 0.542401941540991
"2004-05-19" 2.05706834484921 2.16728446388031 1.29190876526816 0.117081130226587 1.26186863482504
"2004-05-21" -1.00134071812278 -1.04932103368227 -0.907545091452763 -0.0712504483295561 -1.14311114313473
"2004-05-24" 0.602557987981774 0.93511061054936 -0.0564314993023737 0.644492347821785 0.648017170229378
"2004-05-25" -0.505295058685618 -1.03354519540501 -0.246414122808936 0.821142620535778 -0.616136192276046
"2004-05-26" 1.35867132778480 1.02527150160968 0.45843152449587 0.784592116085402 0.438217441858946
"2004-05-27" 0.530025262212764 1.17751991917197 0.344133764427705 0.12436884422763 0.59943049186252
"2004-05-28" -0.745836449714608 -0.271492800507804 -0.515517276892384 -0.0397812039060244 -1.38889896010512
"2004-06-01" -0.757510665505514 -0.99242468214342 -0.180721579898175 0.792632704289744 -0.670437402402494
"2004-06-02" 0.598568637651622 0.622511681380366 0.00226103668542824 0.216877056616748 0.752151266330391
"2004-06-03" 0.222995462650913 0.737186233883807 0.284482366568178 -0.597547396420659 0.510087714447983
"2004-06-04" 1.21036558752036 1.13848020069069 0.427456836611714 0.123753202438399 0.491678598037701
"2004-06-07" 0.629558344581213 1.40056977913435 0.83166139983379 0.76877965862437 0.976163656485788
"2004-06-08" 0.0330392485099231 0.0283696416875905 0.293450924202521 0.611772371758641 -0.186448558503986
"2004-06-09" -0.651243418527411 -0.528647022264995 -0.340215797954545 -0.254042835343003 -0.319687223623393
"2004-06-10" 0.326286576683043 0.595557537547075 -0.075760955537791 0.0293455934806832 -0.609003523216602
"2004-06-11" -0.323853706991467 -0.176202728448687 -0.0468222213434871 0.565662014470994 0.167099111041738
"2004-06-14" -1.42329067938769 -1.65540040085922 -1.13938342905526 -0.639042151315548 -0.996157871958845
"2004-06-15" 0.991205204744574 0.974056176954064 0.57131444899807 0.234627148401399 0.674022701604309
"2004-06-16" 0.839969631455725 0.398972313367031 0.726284520409257 0.360641747673743 0.673012723322465
"2004-06-17" 0.0963326402636053 -0.445129479333827 0.0489737777474552 1.19924067808428 -0.0665720667182075
"2004-06-18" 0.611881817573823 0.358912128812560 0.277805736999676 1.38433639435964 -0.21578766454403
"2004-06-21" -0.0165749253839441 -0.262357612529203 -0.079928956297948 -0.5466702464583 0.396130364459104
"2004-06-22" -1.07411725373340 -1.53886108838079 -0.75133843586163 -0.688767251542272 -1.02155632602444
"2004-06-23" 0.534199958857597 0.424462978640997 0.406468310206957 1.37755699702701 -0.0795594218216286
"2004-06-24" 0.95266969748952 1.55810072203428 0.367079022630058 0.486412141762024 0.363688123762975
"2004-06-25" -0.356622629107132 0.157099428849221 -0.202282976070112 0.662051954535282 0.123282861687015
"2004-06-28" 0.777223913673344 1.38569775127089 0.545891644982588 -0.323435255119642 0.435554526884120
"2004-06-29" -0.401166309803784 0.00933766470598733 -0.139517910817636 0.168879338349986 -0.315939391863734
"2004-06-30" -0.627282758976971 -0.418593008099543 -1.07615364868349 0.140515245602500 -1.22399249934404
"2004-07-01" -0.450788030173348 -0.437946976751586 -0.886514671036403 0.634537658390344 0.117387605967054
"2004-07-02" -0.841483308253383 -0.902444450704869 -0.391753311791027 -1.2542870480235 -0.336523798559503
"2004-07-05" 0.0846303710775552 -0.076052289612275 -0.0930686618757555 0.512038699471625 -0.332291507185929
"2004-07-06" -0.748418893901856 -1.2807755351706 -0.743108046883865 0.173216962389776 -0.687732215690775
"2004-07-07" -0.00764914466544159 -0.363153789512664 -0.281816181292138 -1.53185659891378 -0.153273316276125
"2004-07-08" 0.273094138880917 0.0991728052842738 0.519481687710415 0.175584337434437 0.670859792471761
"2004-07-09" -0.0525965110389343 -0.254231925577254 0.27580565219482 0.373867594329619 -0.550024753647129
"2004-07-12" -0.460376408573142 -0.799469064430201 -0.758583357111078 -0.582705298973897 -0.277958449121871
"2004-07-13" 0.124524326383625 0.272921453163113 -0.0527662124956206 0.256240056688476 -0.0253073030996287
"2004-07-14" -0.203424332942316 -0.129185737817989 0.341340262466351 -0.479799500049667 0.306870524940974
"2004-07-15" -1.05245278755396 -1.33360613103899 -0.732217243164182 0.309045770755680 -1.27697586939456
"2004-07-16" -0.00415457799933518 -0.0327565412021824 -0.0345626105123787 -0.00474732369716208 -0.305327000827338
"2004-07-19" -0.4934044714675 -0.86962065600737 -0.417999985085814 -1.0691205308842 -0.578466202766112
"2004-07-20" 0.409999435452589 0.652793149286729 0.42260902341077 -0.0816071859609868 1.25368821449479
"2004-07-21" 0.830386587041476 1.03382868869328 0.869600624881506 0.655771442728504 1.14830509787732
"2004-07-22" -1.79275872989844 -1.99081137390128 -1.63530292130462 -0.833617628661137 -1.53645694601488
"2004-07-23" -0.155459385690534 -0.0979156161500702 0.463360651109428 0.149027741929147 0.0930750416223531
"2004-07-26" -0.976922937363233 -1.18519199436084 -0.912548563815733 -0.394686688717684 -0.695591309137438
"2004-07-27" 0.915512945233694 1.62532140636789 0.880183111341583 -0.0530644745802669 1.05794023389771
"2004-07-28" 0.303038173263667 -0.180284488866519 0.721109896973458 0.644511874647933 0.232376699887181
"2004-07-29" 1.88018630615828 2.14302546122952 1.42454174824796 1.30982320809940 0.69930986733821
"2004-07-30" 0.0907982489766113 0.152338606444079 -0.126814482902435 0.321255059681187 -0.111705685182864
"2004-08-02" -0.6411891765849 -0.848126842231176 0.0588981532067962 0.526886480227464 -0.169598597260347
"2004-08-03" 0.742588217871332 0.377518364962924 0.31654897891284 0.994429166300488 0.913149859665387
"2004-08-04" -1.19091342184047 -1.39151920817753 -0.488810405494413 -0.573040772368023 -1.25502435039605
"2004-08-05" 0.425970416846787 0.138250616249414 0.120160984814524 -1.05209744129618 -0.0670648288247953
"2004-08-06" -2.63843640224718 -2.68093555063603 -1.72550074256051 -2.11870310071197 -2.05350538536452
"2004-08-09" -0.892128536837233 -1.00862669539131 -0.543209500035784 -0.954626492224137 -0.827011599106016
"2004-08-10" 1.01731087472192 0.817981155006556 0.842445521129671 1.01248291348991 0.454309264306184
"2004-08-11" -0.855888033341516 -1.12791838440367 -0.893450553186204 -0.993008716738994 -0.254829337234881
"2004-08-12" -0.249243395602729 -0.566989206043004 0.368043191738455 0.732390808607933 -0.248011837754538
"2004-08-13" -0.269090456638377 -0.304445075056499 -0.61648475584336 0.703075225926075 -0.866325806784181
"2004-08-16" 0.90952306047754 1.41900803320479 1.12580219759107 0.540787611645835 0.832712988779904
"2004-08-17" 0.466680090822619 0.178802020399833 0.195202670808916 0.756012444711076 0.45096325238066
"2004-08-18" 0.236055524681558 0.558918496049085 -0.0803314288255931 -0.474812154560947 -0.994066259706478
"2004-08-19" 0.0829817008060084 -0.0942346458548181 0.169767642691933 0.701923678723965 0.500136847185651
"2004-08-20" -0.180728724620892 -0.279197556156440 0.151171608532172 0.603121085638897 -0.143977736373977
"2004-08-23" 1.44985991639320 1.5907346351493 0.822843550867838 0.786116069294722 0.933097983982287
"2004-08-24" 0.130566675054086 -0.0302261394771703 0.0499273793958917 -0.326797676461611 -0.26172923196449
"2004-08-25" 0.0244796680889413 0.473024263322407 0.0929800159966527 0.116836092271941 -0.100418418480205
"2004-08-26" 0.95722589421204 1.13894654232967 0.954268140449404 0.298479841035247 1.06596612286584
"2004-08-27" 0.533035656534738 0.491966851390564 0.80948563667252 0.436783371795285 0.578179524269447
"2004-08-31" -1.51752337851517 -1.72782273298663 -0.688317017979283 -0.352996186332158 -0.77534010812463
"2004-09-01" 0.525841619794468 0.852582428450252 0.952993944325918 0.561421263520634 0.850349945247885
"2004-09-02" 0.556123537271347 0.413798921929213 0.368046886868359 1.59276311395486 -0.333400810761727
"2004-09-03" 0.892143815026584 0.871124561727468 0.710083033020031 0.463405490586009 0.962362366439382
"2004-09-06" 0.193215184302572 0.531042943389791 0.285256814676217 -0.145151073293822 0.722508552744449
"2004-09-07" 0.247717038723209 0.0375484469384816 0.0394330410174644 -0.500569873443708 0.313451644656536
"2004-09-08" -0.124733530763127 -0.125559631583361 -0.157825547885463 -0.361052470554057 -0.0593722748925337
"2004-09-09" -0.696633042510826 -0.851676300557347 -0.448529840385677 0.0869545374118435 -0.61739734693439
"2004-09-10" 0.698264550187101 0.899808972631083 0.154134127179226 0.465520442712913 0.262227637129643
"2004-09-13" 1.29111439459081 1.7165131745773 0.296589441337825 -0.150372542062267 0.657062156379978
"2004-09-14" -0.467349033099845 -0.140740632719332 -0.283388992503386 0.377779744261340 -0.626363213446593
"2004-09-15" -0.437305085621497 -0.152100922916145 0.0615790650644045 0.426130569125127 -0.034311202944255
"2004-09-16" -0.00460484348354503 0.554053078221853 0.17792621856139 1.08430189734854 -0.197065773437812
"2004-09-17" 0.931267599341755 0.614208668584732 0.754308031304052 0.961931265012681 0.314397483605021
"2004-09-20" -0.606469501121656 -0.260866984078898 -0.250804340617986 -0.395231102666506 0.0973709911401439
"2004-09-21" 0.738419701027392 0.334810256667938 0.629090332085615 0.899210949243883 0.972100344624422
"2004-09-22" -1.05157066409099 -1.22698451226965 -0.349973728802056 -0.0749939378289114 -0.538689302091708
"2004-09-23" -1.06219881473470 -0.935020911182842 -0.523984344079938 0.440335365826997 -1.10612013829443
"2004-09-24" 0.557148607509277 0.118731430178520 0.214292043869099 0.779031468420048 -0.363550833951912
"2004-09-27" -0.452361066269129 -0.923102845418694 -0.809277058339086 0.829231747103131 -0.828362740977714
"2004-09-28" 0.287805343110756 0.203696516315683 0.573092637308242 0.534691455412209 0.981215104465439
"2004-09-29" 0.41359815372302 0.976345221469034 0.45437743378092 -0.409386277740268 0.574740275424423
"2004-09-30" -1.14867825538068 -0.70291051526791 -0.377775072871149 0.0733818261837518 -1.20219331436328
"2004-10-01" 2.42998781522331 2.58791854848166 1.92413632530634 1.77487819676649 1.15698658321537
"2004-10-04" 0.984372819895833 0.95463740541955 0.47530438251486 1.38920356628473 1.29384183746730
"2004-10-05" 0.08438035340721 0.381837115546837 0.538935577902423 0.187950352916363 -0.0714426078360875
"2004-10-06" -0.149970233142731 0.0234615114981734 -0.0169970468040446 -0.00417283899162478 -0.0536154711346037
"2004-10-07" -0.156580464222378 -0.155689749254610 -0.161616196794338 1.41705292269300 -1.06393541742613
"2004-10-08" -0.555722246500196 -0.690419548822533 0.00425640589150948 -0.197677356191969 -0.561677081809915
"2004-10-11" -0.274060483558500 0.0567632985754376 -0.285580518884767 -0.566362951730254 -0.528311365085117
"2004-10-12" -1.01895188172111 -1.51016860507346 -0.805712889352262 -1.49109998758915 -0.569687297671641
"2004-10-13" 0.121069816811014 0.464605310613016 -0.282245654744839 -0.908847377765085 0.352087211810700
"2004-10-14" -0.798181230703976 -0.898636627351301 -0.116577807291897 -1.14887338526069 -1.10811596454377
"2004-10-15" 0.158403241536308 -0.466769346829238 -0.144832009407103 -0.958184205247515 -0.746868311508388
"2004-10-18" -0.298749159865014 -0.177102306258186 0.0843307111052589 0.80772743317861 0.0559294557729113
"2004-10-19" 1.10729260516051 1.24276598532950 0.616261727549001 0.330706595559318 0.966352380903728
"2004-10-20" -0.947030253935488 -1.3135414652199 -0.836969379621045 -1.46858202626992 -0.763404919306138
"2004-10-21" 0.59430002163499 0.552097506862347 0.0216595551974214 1.84519806673775 0.45652011142337
"2004-10-22" -0.00976310901558132 0.0274487878508735 -0.0433238027745134 0.575020219269838 -0.181616061781404
"2004-10-25" -2.14118755095461 -2.0728512068703 -1.10895590653433 -1.73075476519832 -1.52141092490548
"2004-10-26" 0.288301848434361 0.203455705838721 0.413210177023346 -1.33114894065724 0.381590169507255
"2004-10-27" 1.61447873390856 1.71400717068243 1.01373853438097 0.0919218291509658 0.838873101174184
"2004-10-28" 1.17376395046467 0.77479084748575 0.27391663752888 -1.06887027876150 0.728516258369388
"2004-10-29" -0.403842974922404 0.0166670034123891 -0.401424948246503 -0.181476203396328 -0.942702943346417
"2004-11-01" 0.732442539098361 1.31422242263676 1.06690622697035 0.890933428151965 1.09219773425744
"2004-11-02" 0.847215234058732 0.619364704659245 0.414220726776251 0.0307320823404454 1.16975408842608
"2004-11-03" 0.108548971149577 0.0364014113899753 0.537629991191905 0.891497404637367 0.957830452111006
"2004-11-04" -0.198609269813212 0.0579177831204837 0.207477738821736 -0.39669617619067 0.198398449032864
"2004-11-05" 0.491553915218677 0.547814067398688 0.242921085649429 1.04717548626783 1.22492174647364
"2004-11-08" -0.105848397943966 0.132553769462427 -0.49067396783336 0.323659792738282 -0.281620034978996
"2004-11-09" -0.186830990898725 -0.0894975656900881 0.0233191652795542 0 -0.524353143564541
"2004-11-10" 0.396302232146584 0.583731297486367 0.355473174299348 -0.974139102815434 0.651002048747879
"2004-11-11" 1.28317615050356 1.01412801592983 0.891567610693515 0.143468928810803 0.71230306587246
"2004-11-12" 0.0344247548680035 0.303112572180594 0.355247583868634 0.424849990923214 0.69671943104329
"2004-11-15" -0.369380050296439 -0.217693669568179 0.191726639954133 0.332549055091597 -0.262243297208300
"2004-11-16" -0.701228310804772 -0.414952434815421 -0.683138395982151 -0.397460237239641 -0.365469734734536
"2004-11-17" 1.30578768621826 1.59485251062482 0.533122741220558 0.982131521445058 0.492277198141919
"2004-11-18" -0.358328515555206 -0.113129624399310 0.195808919788972 0.964089030350281 -0.135619511244884
"2004-11-19" -0.82866631323773 -1.05346812457164 -0.930375408834891 0.80338698490807 -1.22000307393547
"2004-11-22" -0.64782750866232 -0.264200946283881 -0.583534239912434 -0.126422267154008 -0.766534307044839
"2004-11-23" 0.154613140615521 -0.257607261254207 0.196295773019512 1.38193154000809 -0.656568015175171
"2004-11-24" -0.514270858481816 0.289610054498378 -0.486166380643944 0.357024623675813 -0.446178304350741
"2004-11-25" 0.976154472241108 0.84604609345666 0.717847859199253 0.590849771778555 0.805660243206044
"2004-11-26" -0.406080409842125 -0.146248441508796 -0.250661012348396 0.119398083229411 0.0504768268005195
"2004-11-29" -0.0420478637814732 -0.175636244517928 0.174897055529536 0.754256496482465 -0.524034448221201
"2004-11-30" -0.713003195781766 -0.507194384011106 -0.985938379103244 0.0449117084205092 -1.37364546689893
"2004-12-01" 1.13795619310765 1.44443760953640 0.688642287484833 0.110152388593315 1.18867515447708
"2004-12-02" 0.387479191873123 0.722889265447295 0.326766673875692 -2.09310925198009 1.08317994400463
"2004-12-03" -0.735754396089232 -0.178748028369801 -0.0694802693467104 -1.13057062189606 -0.253494674825774
"2004-12-06" -0.426969619233996 -0.356073009319124 -0.530057097522859 0.491484049978208 -0.622976220054301
"2004-12-07" 0.531051541623887 0.445130889761965 0.124847923956222 1.04215374826718 0.729126657771988
"2004-12-08" -0.328199075687665 -0.267887970597261 -0.52583714234206 -1.86686598806714 0.100648833960748
"2004-12-09" -0.733270151621176 -1.21987776702476 -0.330057900007114 0.858229920690262 -0.160007225472384
"2004-12-10" 0.557753831538274 0.579944351911447 0.119372456194358 0.100485689245841 0.430895851453121
"2004-12-13" 0.990718869694542 1.06484489796552 0.907670480659749 -0.385744713120309 0.769186513424847
"2004-12-14" 0.221775263365025 0.285425740544829 -0.295995818461164 0.523747871457329 0.498320753847424
"2004-12-15" -0.299315736146555 -0.417052608105943 0.114273634274269 0.387896463511974 -0.224912210844164
"2004-12-16" 0.201742725701119 0.47399288496595 0.147938400081782 0.965270456488126 0.180678123335613
"2004-12-17" -1.74047717713911 -1.22245158835164 -0.814253862653902 -0.778117414691275 -0.837048045647836
"2004-12-20" 0.509259373396656 0.697658962463869 0.727630783808508 1.81987894838222 0.840587492786567
"2004-12-21" 0.159011032871176 0.0674108789653563 0.0401517318186634 0.889580779572594 -0.175353186676183
"2004-12-22" 0.95352205650032 0.63602507306688 0.933721453961134 0.331059287389437 0.828004907127137
"2004-12-23" 0.354846992316109 0.243497629994830 0.215366362739105 -0.0564447864036672 0.131776631356122
"2004-12-29" 0.195636429838243 -0.0910655793887648 0.668230433457146 -0.379813782385028 -0.0491762980158616
"2004-12-30" 0.0206398079924271 0.195911787143219 0.00622413095772551 0.222406529332589 0.0140528386965493
"2005-01-04" 0.919232866422096 0.80547274098753 0.556528212797692 -0.420968037180725 1.43523525322647
"2005-01-05" -0.882405311681944 -0.754734689179799 -0.849481954896174 -1.10944564981638 -0.869495087534085
"2005-01-06" 0.705716292712995 0.99776740869239 0.380050923167435 0.621500957871824 0.294735953994866
"2005-01-07" 0.555439184316964 0.358811804727715 0.615806211196783 0.791705481191945 -0.125461785468027
"2005-01-10" -0.00361021070775614 -0.209421246166310 -0.276437028784079 1.03394399663532 -0.0593006034644744
"2005-01-11" -0.746236384422325 -1.15255940568162 -0.455515622929834 -0.549837838983708 -0.326783399436116
"2005-01-12" -0.857133567671864 -1.16195916174934 -0.73107810282649 -0.310365230293002 -0.764321501361025
"2005-01-13" 0.469789433028436 0.0788508714449812 0.348501484828623 0.900219076213243 0.320496162481936
"2005-01-14" 0.532990540843696 0.478892501472969 0.42614734330981 0.757277433208025 0.740945244261595
"2005-01-17" 0.693897851979122 0.310219678902561 0.535817159880557 1.20376391904103 0.543016110574022
"2005-01-18" -0.165539472029188 0.122407391740981 -0.471533146759277 0.285977512590441 -0.380846843593559
"2005-01-19" -0.155216372008205 -0.121465224331955 -0.116156077028834 -0.32129171122705 0.175821925543329
"2005-01-20" -0.68910788876227 -0.593435697226402 -0.363859806165821 -1.20816377970321 -0.372900690007002
"2005-01-21" 0.305328673155357 -0.159589701092575 0.0520611000815472 0.803121837009678 0.174425747594882
"2005-01-24" -0.142284098833185 -0.280669751088666 0.191351791992100 -0.0670096006469334 0.215866246803789
"2005-01-25" 0.862276144293004 0.760093940934598 0.635895967141458 0.820722833484165 0.270913456076129
"2005-01-26" -0.0572027854286145 -0.469457199560238 0.0804928683440484 -0.152638921242465 0.0398803594517882
"2005-01-27" 0.29802292486644 0.0543263604143927 0.129890230106733 0.344086360990391 0.0918377136311294
"2005-01-28" -0.54240478263472 -0.346867025060702 -0.425348042743037 -0.359754816504446 -0.399153631200228
"2005-01-31" 1.11357207468580 1.25441239230322 0.402680950112748 0.113540720456692 0.359309887440046
"2005-02-01" 0.649191684642876 0.588649146334536 1.10468920703275 1.06257689453591 0.458109761957464
"2005-02-02" 0.317834735111977 0.381051452877555 0.203616294489464 1.23895390120926 -0.0483050125842244
"2005-02-03" -0.57812577748179 -0.342040098209928 -0.160822468374044 -0.0420722501472877 0.375474089071714
"2005-02-04" 0.737170430735213 1.33723219620822 0.6741279159098 1.06167400682194 0.449400413288951
"2005-02-07" 0.601771861239707 0.621898409328682 0.772080075342948 1.17779013845284 0.471239923430576
"2005-02-08" -0.0283824397491263 0.115361650929167 0.314777760340512 -0.954715013335861 0.17869455652325
"2005-02-09" -0.280489568691895 -0.418131536442228 -0.102144031953455 0.0339847072089994 -0.250261883982358
"2005-02-10" 0.0188917115067152 -0.256234643067685 0.19218455626986 0.572226084254471 0.0800838367174621
"2005-02-11" 1.16138285925214 1.04905879832401 0.88011559530687 1.09388632529345 0.74831724077509
"2005-02-14" -0.115583047071812 -0.0319117415121884 -0.0475907207078611 0.0259880085366684 -0.0388897817774055
"2005-02-15" 0.456074478522337 0.355695305739839 0.3385907182021 0.444461637638738 0.0659346256737485
"2005-02-16" -0.533120983263089 -0.758429320706897 -0.112736238836629 -0.511301595567202 -0.782175234052366
"2005-02-17" -0.0878405750147272 0.0208274923651059 0.0830811275608936 1.08616406970469 0.205892685273676
"2005-02-18" 0.58547535347759 -0.233928954273758 -0.00395467937488256 -0.67099499651533 0.319060739416285
"2005-02-21" -0.158973857447094 -0.140712376637353 0.0711603113641752 0.395031248571314 0.444644299197964
"2005-02-22" -0.505674010072058 -0.694518469009704 -0.552821483790086 -0.332164911423247 -0.278728167275477
"2005-02-23" -0.630115174368892 -0.290715723978362 -0.886109535992182 -0.218352818939904 -0.752208798610654
"2005-02-24" 0.0120680942362898 -0.147882487092593 -0.329297729448417 1.26644552438713 0.323310983214716
"2005-02-25" 1.42035077778193 1.02509527674439 0.695470239479072 0.859656334034883 0.845856985279253
"2005-02-28" -0.183831561880205 0.0425329895722777 -0.76790047824504 0.924227669893798 -0.0825784753056702
"2005-03-01" 0.688434248241202 0.758638462183963 0.641992374515258 -0.208648179874305 0.742436305799104
"2005-03-02" 0.190694466302078 0.223537614231919 -0.154103279673751 -0.762741601579502 0.632253605461582
"2005-03-03" -0.0337269376799140 -0.459923016343425 0.439666562203684 1.11862025961611 -0.243086315402654
"2005-03-04" 0.741577286647549 1.14247462020849 0.427814523624620 1.40390689926819 0.174881999251752
"2005-03-07" 0.400508854089239 0.103258060534806 -0.180851641681420 -0.0955803035754366 0.0881577581858594
"2005-03-08" -0.552154482492636 -0.715957000616858 -0.324762939729051 -0.376127049061503 -0.573583458043554
"2005-03-09" -0.458534648182672 -0.476511657342099 -0.29579316060506 -0.0924740427259206 -0.246113788561052
"2005-03-10" -0.702787627763871 -0.870401029248467 -0.682856984524009 -1.52745888340468 -0.332460511744336
"2005-03-11" 0.271286700108284 0.524479339627274 0.400237860940486 0.407450038153326 0.439686551136416
"2005-03-14" -0.0155599162054247 0.156053282263015 -0.140604622943258 -0.23417105179815 -0.149142458667002
"2005-03-15" 0.718412105526565 0.46579235077443 0.505254102356551 0.406746056877811 0.810059129185795
"2005-03-16" -1.44102756160743 -1.80715064250683 -1.25985284474169 -1.06172677689861 -1.11574135717042
"2005-03-17" 0.314725396933648 0.157912527032123 -0.314411447989526 1.90947745882843 -0.266132313589185
"2005-03-18" 0.462709477458761 0.260554809506597 0.0243768664745313 -0.149711299082903 -0.541181770686354
"2005-03-21" -0.43964706128328 -0.714790705966536 0.20696379435294 0.039231771104336 0.181283775620828
"2005-03-22" 0.350982640406736 0.564695914569009 0.0769947762638546 -0.489715192920587 0.133634453590171
"2005-03-23" -0.365613018801693 -0.0808067754950856 -0.546321819438829 -1.53099217143341 0.175651984089656
"2005-03-24" 1.13184748114999 0.609645339155425 0.246112664780901 0 0.160182136007812
"2005-03-29" 0.0818631509597411 0.190673613830236 -0.071127371794078 -0.298812262276735 0.408565295577666
"2005-03-30" -0.418352099064273 -0.100466591816525 -0.372720575687462 -1.06768455678396 -0.452379121225487
"2005-03-31" 0.0779598656865593 0.0287478915401551 -0.128635764182622 1.20991393471101 -0.053951074429197
"2005-04-01" 0.301919997237457 0.567741685278316 0.399657968448560 1.08375623525431 0.356884711234203
"2005-04-04" -0.682703945227429 -0.73758900164898 -0.352676525254101 1.31081312438109 -0.804789186100358
"2005-04-05" 0.875161907527348 0.487592877792836 0.939069464456117 -0.149551373835519 0.745957250429703
"2005-04-06" 0.464922441418204 0.379099013927093 0.0909982570908082 0.440889603068562 0.920523998306509
"2005-04-07" 0.422288074576209 0.235838945170675 0.596511381450157 0.967385033248066 0.354229921129688
"2005-04-08" -0.00193970899521708 0.253919273649604 0.132522156615404 0.0983318779846614 -0.117937274369587
"2005-04-11" -0.161855721698774 -0.104356494862399 -0.208902534592580 -0.796451912405577 -0.0315842845876217
"2005-04-12" -0.506670445024905 -0.546749215910158 -0.544389109842439 0.402542916450261 -0.443230638636909
"2005-04-13" 0.487968573447406 0.764886997284522 0.294741305531022 -0.151646094198402 0.403320436061768
"2005-04-14" -0.139524278950631 -0.0826545789778092 -0.310916646259402 -0.452777568711066 0.302255519580516
"2005-04-15" -1.936109223534 -2.0610531850583 -1.09384032578594 -1.78496324207107 -0.190879347552683
"2005-04-18" -2.07201967450121 -2.58516119897895 -1.32735750679860 -3.26863645496651 -1.56729372746503
"2005-04-19" 0.323560250836405 0.0573344720772374 0.588680477641967 1.00182649335071 0.88211404281715
"2005-04-20" -0.312673637435875 -0.620049390696546 -0.694389828253233 0.217587812423476 -1.06285580872891
"2005-04-21" 0.025313123470818 0.360235067643661 -0.0497842691994874 0.37505559481787 -0.198008137331357
"2005-04-22" 0.735327097826931 0.697184868327206 0.614342756893845 1.02602451895861 0.167570854807494
"2005-04-25" 0.323331420178258 0.564818502745553 0.321179580620515 0.788801716335456 -0.220100319113434
"2005-04-26" -0.00075130445236014 -0.311294575448130 -0.399572124966027 -1.32788657982308 0.238701981479258
"2005-04-27" -1.65039247830474 -1.06236707566345 -1.16452965757873 -2.52241636267622 -1.25060118166716
"2005-04-28" -0.41407715371332 -0.261021861764836 0.0167021587928417 -1.41835648214086 0.164234550114441
"2005-05-03" 1.13075697214549 1.60124224085442 1.47131568098991 1.76235921443853 1.41892093585781
"2005-05-04" 0.7981350497549 0.442074589298653 0.437206275418881 -0.198030965010224 1.14281212930787
"2005-05-06" 1.14274989397271 1.08940475060764 0.742754450263129 2.50054579027744 0.418988059950104
"2005-05-09" -0.329540320450885 -0.433546678550198 -0.174988853508151 0.63995564200052 -0.402328057245968
"2005-05-10" -0.497230602878212 -0.96635168183064 -0.365205910517587 -0.235870562045099 -1.43286233874544
"2005-05-11" -0.519313729598838 -0.164090962496705 -0.348082826523150 0.0798954138955106 0.040549445535086
"2005-05-12" 0.903550532624365 0.537880164790287 0.364433382478475 -0.170763207517326 0.485315142937958
"2005-05-13" 0.0557662016508555 0.202510970265701 -0.137018539387087 -1.80158608780763 -0.0958651906208762
"2005-05-18" 1.36597666655240 1.13718188832466 1.27900563158505 1.02402545055833 0.902861265865093
"2005-05-19" 0.314494574171213 0.824873243905162 0.268359035559285 0.508107027762969 0.347907497999361
"2005-05-20" 0.249323046329295 0.00596255059746075 0.183200010974621 0.708488439615606 0.0880332922337317
"2005-05-23" 0.540262192671503 1.05548317062375 0.361388122193257 -0.275532204913857 0.257012005473954
"2005-05-24" -0.396816745642545 -0.234222736711098 -0.146405569506283 0.597232795020728 0.683249897783087
"2005-05-25" -0.0436461353887544 -0.161617484400408 -0.221016766682154 0.169470175955851 0.248047371146183
"2005-05-26" 0.898574188350955 1.06638793321905 0.469578644210229 1.37750617316184 0.704636988071476
"2005-05-27" -0.131815897699606 0.182630766275999 -0.172324011705632 0.344087886712876 0.367509967265118
"2005-05-31" -0.269007597491446 0.357538666896345 -0.448228442067636 -0.344087886712886 -0.546876362965662
"2005-06-01" 1.38621664547567 1.48070085500251 0.942362863522675 1.37280930687731 1.34713283440340
"2005-06-02" 0.130830433025519 0.110383328315022 -0.119808321040367 0.580137225041235 0.295843933118228
"2005-06-09" -0.719889212939591 0.672465843309753 0.0838808940556514 2.08631853938717 0.256546070445125
"2005-06-10" 0.72897162628647 0.510447776496813 0.422328210495534 1.48035426397489 -0.084908008080903
"2005-06-13" 0.462350556985721 0.285455992280023 0.396794425858324 -0.373945556782742 0.428608639769696
"2005-06-14" -0.136884739444944 -0.163640158811319 -0.0713068999829587 1.12434269962992 0.0351028357122
"2005-06-15" -0.319252009980407 -0.946822811823858 -0.542405192200498 -0.20713624939129 -0.180431967836178
"2005-06-16" 0.0188780466800502 0.68906935343667 0.506732665612812 0.660002395815668 0.0111866655063886
"2005-06-17" 0.850819901839915 0.53786751392257 0.644105520455108 0.781021278267586 0.0910448658483561
"2005-06-20" -0.653888388242374 -0.385359447145885 -0.110349187519854 0.167981462731352 -0.42719039710049
"2005-06-21" 0.680182577733367 0.462210052490422 0.198934486185671 -0.0757214146700916 0.914545633233728
"2005-06-22" 0.178191791405804 0.249032662234809 0.337871341122164 -0.263826291603307 -0.114458322645940
"2005-06-23" 0.251011675256634 0.170432220926561 0.295681506237676 1.22419028296092 -0.210181119681715
"2005-06-24" -0.955214874362387 -1.32697760499432 -0.694569865127204 1.04811537896918 -0.808204832973804
"2005-06-27" -1.00963460320529 -0.938589775420778 -0.70141063063549 -0.774481746769215 -0.517146702437635
"2005-06-28" 0.877638682108372 0.740868112662057 0.925612742369232 1.49495059286559 0.282265080914238
"2005-06-29" 0.891272554808662 0.572580983194787 0.366685052267726 0.214492743064415 0.843643233673753
"2005-06-30" -0.0598021818435437 0.0577977335387235 0.0802167852607117 0.468997621354962 -0.129451925096105
"2005-07-01" 0.947651335816693 0.669106681224449 0.930492785486048 0.84626739187335 0.426079205824889
"2005-07-04" -0.117644039618804 0.137222330330246 0.450446857932859 1.68996949341187 0.060493180442901
"2005-07-05" -0.278255740244146 -0.428306095494132 0.111813706899251 -0.145960492365808 -0.0127323656907421
"2005-07-06" 0.637549477492172 0.256857071474936 0.758182850147163 1.91156263087601 0.416144440193213
"2005-07-07" -1.39592905948794 -1.86563640283583 -1.37277254702530 -2.18542456409189 -0.929972624806731
"2005-07-08" 1.87050764365982 1.48532279389399 1.42247718778554 2.95687865586027 0.980680957906105
"2005-07-11" 0.492933505800959 1.41256053633695 0.194756901916468 -0.451823981441423 0.710376012086123
"2005-07-12" -0.180189827037117 -0.222188681218918 -0.481854922915905 -0.551620446363872 -0.449318502403049
"2005-07-13" 0.689355191372397 0.575598508483885 0.548595960642119 0.433019918526269 1.02339270075779
"2005-07-14" 0.625626000683201 0.413257212398731 0.262717178216097 0.0882035429844297 0.862732128337267
"2005-07-15" 0.0660975591983154 0.289625230476779 -0.550976085236295 -1.24198598616399 0.165774569108737
"2005-07-18" -0.235772504162894 0.141426394396070 -0.317855700835332 -0.280505092760872 0.0711831913935907
"2005-07-20" 1.25077639568159 1.36638324846434 0.0191765586335683 -0.613061956664079 0.712130760912657
"2005-07-21" 0.164404354057116 0.943802595121104 0.122642971067827 -0.037276342379949 -0.287632766925272
"2005-07-22" -0.229381246531133 0.145446746727522 0.386108245791148 1.28420607877948 0.00770149024217805
"2005-07-25" 0.149361169429431 0.119839677138356 0.549823026019896 1.19217815693747 0.175433241879245
"2005-07-26" -0.0303068000374700 0.0163118832430861 -0.275484884824070 0.0303048671935617 0.262574143750634
"2005-07-27" 0.278972973738919 0.244565451362132 0.140687108510815 -0.230547652549885 0.597810833118448
"2005-07-28" 0.654948330074664 0.7622230514992 0.127208363540428 0.145670870346888 0.794082745447041
"2005-07-29" -0.236033315774321 -0.122711949134080 0.227432200074686 0.98977844152414 -0.174067082465209
"2005-08-01" 0.115169494837834 0.08898117152429 0.160785423975561 0.0570356488257287 0.128687481329457
"2005-08-02" 1.03703971737635 0.855485626038662 0.691262182087988 1.29995867598589 0.945676244099586
"2005-08-03" -0.174467557181754 -0.197849291252882 0.090057980908036 0.952261798689444 -0.211548206093406
"2005-08-04" -0.815464988266111 -1.00152105151291 -0.315558405319278 -0.836800310027779 -0.614672679686791
"2005-08-05" -0.839356012811025 -0.966481911924634 -0.0150514571976153 -0.281485837500207 -0.145179609620717
"2005-08-08" 0.435759052384763 0.221002796614566 0.555400620868579 1.47561767413416 0.401752541581677
"2005-08-09" 1.13471948661203 1.46955556926896 0.362346306051453 0.937033977566345 0.0693126026001542
"2005-08-10" 0.785474389249039 1.63821018124537 0.256954671600099 0.0434373423176721 0.754799841066324
"2005-08-11" -0.398618975163204 -0.736893072539194 -0.35208352239896 0.660811246199436 -0.130145047801905
"2005-08-12" -0.726055375358267 -0.335650171662140 -0.239154106736788 0.0804990987322092 -0.495199091177384
"2005-08-15" -0.221400819048758 -0.304067206091109 -0.0299345184648834 0.504515904600092 -0.167119634797459
"2005-08-16" -0.493988873674792 -0.785837424101087 -0.410631993116609 -1.42548957410631 -0.0271268180398903
"2005-08-17" -0.111208674030821 -0.253196612658291 -0.557702811517517 -0.756961807033003 -0.0482436312689009
"2005-08-18" -0.215565435177901 -0.415316048496658 -0.443098623093788 0.0934743305777501 -0.529189762149733
"2005-08-19" 1.2969501045621 1.60802059685874 0.818383119632422 1.71656914909222 0.607573848164864
"2005-08-22" -0.0436825267926915 0.238664564845591 0.109114863615052 1.36254317065908 -0.200604898380692
"2005-08-24" -1.38066044609082 -0.522235717688804 -0.815591290360776 -0.690353456980133 -1.3115390539727
"2005-08-25" -1.04329727386818 -1.22679077182888 -0.370339140758059 -0.0256603990174422 -0.798652686218534
"2005-08-26" -0.8212209373038 -1.49819033087815 -0.526527857517974 0.196561659709089 -0.612511968791743
"2005-08-31" 1.29628013075505 0.95470736557313 1.30738204210828 1.79382066281915 1.10781377661730
"2005-09-01" 0.561909381346705 0.273969091917511 0.59480289052218 1.12574674342365 0.556968113627938
"2005-09-02" -0.434926102676486 -0.105983533924311 -0.0319090033020973 -0.365519749024236 -0.32860327451238
"2005-09-06" 1.52298071821721 2.66115647614761 0.606402756606786 0.572607752567922 1.18249119819370
"2005-09-07" 0.304507342320637 0.398939103406988 0.124940576247606 -0.580930566793644 1.12679367377876
"2005-09-08" -0.452407070460653 0.0923765381208604 -0.468866148901789 -0.704394921961529 -0.0448886768370662
"2005-09-09" 0.574707809595997 0.263634952489499 0.345791505387355 0.587802731533722 0.327224933940897
"2005-09-12" 0.00311682529105737 -0.319130795231754 0.29438089525724 0.931705223426204 0.35143140079697
"2005-09-13" -0.858786997450115 -1.78130967372390 -0.692612750949263 -1.08180949066477 -0.458894097705848
"2005-09-14" 0.381450600579855 0.189339762364456 0.175941048998224 0.460715199756174 0.524278829728863
"2005-09-15" 0.200227557503207 -0.105733343862849 0.672825880132016 0.88492493285568 0.314437683059192
"2005-09-16" 0.669718863852324 1.62793916726457 0.452212717180495 0.145358828715362 0.847893836718516
"2005-09-19" -0.0845242014700176 -1.21805709290719 0.402303635535885 1.37452661471039 -0.0910800392026709
"2005-09-20" 0.578038849960068 0.742849753200488 -0.245249567426651 0.434273141270937 0.463350731477572
"2005-09-21" -1.4164901621316 -1.78169558260268 -0.865934708810498 0.354648410405729 -1.09880708687665
"2005-09-22" -0.446603054274863 -0.539067123472053 0.297525183681306 0.436208626375392 -0.373422282070933
"2005-09-23" 0.650957163171976 0.689920828113508 0.516701306063897 -1.22513017805205 0.735139725145696
"2005-09-27" 1.54258377974430 1.69167537935484 0.620576713774888 -0.645443473045211 0.97525979225851
"2005-09-28" 1.15521766469717 1.65481847285798 0.868211739528548 0.969304172275326 0.767624146143745
"2005-09-29" -0.452580663105122 -0.547573292857704 -0.302561061942479 0.818455951442261 -0.645107284752198
"2005-09-30" 0.461059246534577 0.456023418536988 -0.0091275020828381 -0.313173612135482 0.559622952880468
"2005-10-03" 0.488368625614068 0.74954504457657 0.433547749917052 0.390646400355597 1.53478506212843
"2005-10-04" 0.597449360276543 1.09491323375229 -0.129139060681103 -0.567742078281911 0.522499213321866
"2005-10-05" -1.21437829152023 -1.34413786083139 -1.21954964110142 -1.75561931074745 -0.226033773832588
"2005-10-07" -1.43202526079564 -1.22357064114317 -1.21409077886802 -4.69483104358357 -1.13645719100267
"2005-10-10" 0.163927048372358 0.299484998372058 0.227255890965627 -0.0229193526286126 0.0561235884899231
"2005-10-11" 0.296283468812673 0.192337395511274 0.115293080310518 0.73082628515623 0.21269570986496
"2005-10-17" -1.33801610934132 -1.07140064895473 -1.76620760436423 -4.5863314107852 -1.18853887722380
"2005-10-18" -0.627240097422027 -0.63772064029324 -0.428420430835896 -3.10601818674164 0.905323839982748
"2005-10-19" -1.94772477250885 -2.06682220012537 -1.84251308410392 -3.39608713217299 -1.82478331600228
"2005-10-20" 0.355246644599019 0.376304609867762 -0.0716228410683373 3.03603689015411 0.948510664417444
"2005-10-21" -0.551320428389616 -0.532845380632631 -0.426928129004316 -0.733329399875508 -0.492102616434099
"2005-10-24" 1.26189449630713 1.30163569679717 1.26575407007856 2.56616929484561 0.874789425624597
"2005-10-25" -0.566508223355569 -0.589683706041994 -0.490871751887606 0.326373019453613 0.402845002072586
"2005-10-26" 0.356653109309970 0.569280914053174 0.878015996093018 1.90954419382875 0.470095243990868
"2005-10-27" -1.74399301486027 -1.95208756888569 -0.864508871064037 -1.25398161268278 -0.760153386788793
"2005-10-28" -0.223937889666634 0.406782755951062 0.588678331855939 -1.1333957046781 -0.648086649838203
"2005-10-31" 2.50470691183611 2.12069608042625 1.97334216342263 3.51467215022903 2.32480009720842
"2005-11-01" -0.0383262697450057 -0.132364036613928 0.506491665792797 -1.00896562724967 0.905418855461688
"2005-11-02" -0.115067022307615 0.65361694944985 0.267217455252607 0.777480650978378 0.236320267528702
"2005-11-03" 1.62056107808505 1.12726375632071 1.35862337255551 3.52774333167696 1.30651477403310
"2005-11-04" -0.0737718793734404 -0.315003698329324 -0.152917905529631 -0.297792304471746 -0.0832408483137022
"2005-11-07" 0.109971296358492 0.578077829644665 0.683549756428851 -0.344273596267016 0.673645406105244
"2005-11-08" -0.000666128582799814 -0.306388240116121 0.00183121675201339 -0.861593113138829 0.0523733404109988
"2005-11-09" -0.520713343391675 0.0508971379851027 -0.387131585169511 0.513270134263684 -0.262141430468667
"2005-11-10" -0.0162951339295955 0.0831760118083878 -0.300093198799541 -1.03785772109297 0.0635288939718066
"2005-11-11" 1.26421522270661 1.48820810609725 0.764105622462073 -1.05458322337705 1.48278767815786
"2005-11-14" 0.263293030206330 0.0329955871396189 0.0896196711133889 1.04591307901373 -0.522358204444385
"2005-11-15" -0.116591152280780 0.356364754815526 -0.557308768122291 -0.797973040964381 0.132552613407716
"2005-11-16" -0.685127822438154 -0.572014899476628 -0.176639480682286 -1.18101802043874 -0.742916953864884
"2005-11-17" 0.244596046158688 0.358701438905554 0.55096558109697 2.15802145775361 0.84119303564548
"2005-11-18" 0.728024089141404 0.465216299530749 0.709928247894443 0.0403818979210462 1.37523930419791
"2005-11-21" 0.65955146934446 0.915287069720309 -0.0181871090272834 0.523486109309596 0.280844329530155
"2005-11-22" -0.121520349975158 0.0794561452603398 0.350428407374243 1.74891776265362 0.206434389664125
"2005-11-23" 0.605913408934857 0.411926374120134 0.262469717786394 -0.520054307961209 0.366242021908712
"2005-11-25" -0.177432659619813 -0.0348400201784988 -0.142915315356721 0.663722374984376 0.0480198491266518
"2005-11-28" -0.548618988252971 -0.340955660911617 -0.843549342657138 0.513822359984512 -0.954034383034735
"2005-11-30" -0.172815135235857 0.324205032483201 -0.99444886823342 -1.03029849570709 -0.26963278890424
"2005-12-01" 1.50048393812975 1.39869105581461 1.15315734319413 1.92804066868991 1.73179564292642
"2005-12-02" 0.560064094624396 0.78377332987095 0.762655546022786 1.30976738991707 0.692840364558972
"2005-12-05" -0.2568443080865 -0.777887296761267 -0.320696021556811 0.486432790373941 -0.0593115918824867
"2005-12-06" 0.571629839495744 0.643282550567588 0.514065498720205 0.467798938382837 0.357970481229074
"2005-12-07" -0.35597363720997 -0.645371103305045 -0.180707700337425 1.33152017090104 -0.305247329272281
"2005-12-08" 0.200417836317695 0.379021631551505 0.0415916967270302 -0.633899517223692 -0.380228594973857
"2005-12-09" -0.191191942445402 -0.0874264878448846 -0.247997592823827 0.647286218894243 0.0978357231283874
"2005-12-12" 0.259691986866109 0.360567092645004 -0.288595250624914 -0.254654277086834 0.00132144910111578
"2005-12-14" 0.036799394508988 -0.272951452853401 0.355633347079487 1.26153508656114 -0.678876631077051
"2005-12-15" -0.0365854053988807 0.171224828227214 -0.468393434685575 -1.45227998958208 -0.778671384633711
"2005-12-16" 0.666914405165941 1.08626090177032 0.658392315659692 -0.991806203237555 0.441501820911669
"2005-12-19" -0.203207340277536 -0.0650233957647501 0.148129441613400 -1.28469718254034 0.557779386602997
"2005-12-20" 0.183436700888062 0.119924025139669 0.146107875230317 1.34442947504971 -0.215288197123047
"2005-12-21" 1.03491975315884 0.755641354360613 0.709458491100615 0.319774804345793 0.408917073831157
"2005-12-22" -0.00946932832657342 0.0194525317157082 0.171667722141275 0.674129558504782 -0.428874630826325
"2005-12-30" -0.775946913300264 0.184703019416923 0.388737806539516 1.24988273846513 0.90999429211871
"2006-01-03" 1.30108522874920 0.964590961854753 1.10971644013090 1.33925865480901 0.587676301039356
"2006-01-04" 1.28003411717811 1.14601183228715 0.580902117025168 0.787754810587974 1.23891816105168
"2006-01-06" 0.589966134048978 0.229657766351969 0.300531397570217 0.404501925811064 -0.067347919293221
"2006-01-09" 0.163001563460071 0.0142683884097312 -0.00523409489533899 0.495612785263527 -0.0375791271810798
"2006-01-10" -0.270308739490991 -0.768689278442306 -0.747794698575613 -0.775478217997885 -0.674935751564149
"2006-01-11" 0.585702454267253 0.692447178994816 0.747794698575605 -0.168815862030332 1.14688785497564
"2006-01-12" -0.00511209286125437 0.166862039868202 0.0627910648017971 1.38876780296762 0.591633987709302
"2006-01-13" -0.815340470754684 -1.07100927424336 -0.421104753821948 -0.753943745045025 0.0564080883641495
"2006-01-16" 0.1145610028638 0.573756339738398 0.509991324731363 1.20155489229697 0.424601934741009
"2006-01-19" -0.868655270043791 -1.53125559420476 -0.822157271570642 0.262517513864780 -0.821415112338662
"2006-01-20" -0.847143600833223 -1.51804515554663 -0.36601716092793 1.37769339914218 -0.958046257030249
"2006-01-23" -0.451212096830612 -0.00560866127011872 -0.202941843010117 -1.09555557457178 0.067531593065321
"2006-01-24" -0.0772606406013727 -0.269961279818568 -0.479872010841107 0.947323652448176 -0.131208894259855
"2006-01-25" 0.89482866259736 1.72454115438112 1.24536368139331 0.133167521783778 -0.128777992860777
"2006-01-30" 2.99761645180535 4.20261138627156 1.31312731290212 4.02573797744374 1.37799491758237
"2006-01-31" 0.226611109056726 0.249157985927706 -0.337952332465237 -1.04982113642693 0.27691970363472
"2006-02-01" 1.03344714818893 0.918899023029333 0.714418489355131 1.20406033411299 0.323382889458202
"2006-02-02" -1.44050004379746 -1.35250164519869 -0.940356226679764 -0.615966294081306 -0.643961744230717
"2006-02-03" 0.196037749862026 0.133018260093364 0.20857602333262 -1.06939864246435 0.702646443242226
"2006-02-06" -0.0601692658560449 0.170612639519025 0.227199903486208 1.87782999138663 -0.0153057320265061
"2006-02-07" 0.0164133905265949 0.108292117076144 -0.444476042535862 -1.77991556076941 -0.0293425360435111
"2006-02-08" -0.820310424256697 -0.114821611422057 -0.378316161776591 -1.09968265653264 -0.0689250276182569
"2006-02-09" 1.23158816718243 1.35443596429899 1.44967771394483 1.10946882867921 0.531025411362637
"2006-02-10" -0.910556675566283 -0.737608355942428 -0.770776662617642 -0.0856614955032932 -0.152524306349669
"2006-02-13" 0.94324070002727 0.95760825337141 0.508757240504692 -1.44522590429855 0.351726295725392
"2006-02-14" 0.0802524567455197 0.122745947824680 -0.0207150132798986 -1.52946072074820 -0.0874984997206312
"2006-02-15" -0.55076068210916 0.0168289270568226 -0.0138123931917398 1.70568096714218 -1.08677311362749
"2006-02-16" 0.78731185774921 0.430688190519131 0.643697792468608 0.358924602808944 1.39331588328112
"2006-02-17" 0.539653513753106 0.107555387144619 0.296357421552327 0.985956378452384 0.132712343397551
"2006-02-20" -0.402006966289009 -0.0264033694303945 0.286954045160486 1.72461978708286 0.41721084258674
"2006-02-22" 1.23056492496629 1.16868079577753 0.160199090109016 -0.535302204172391 1.12941847294352
"2006-02-23" -0.0240031978966418 -0.0713314262229689 -0.621777822262893 0.593001448470611 -0.707678171673883
"2006-02-24" 0.663614692817598 0.220144401946187 0.418929352055869 1.55962526039717 -0.370182564895379
"2006-02-27" 0.129401158637941 0.752764895685235 0.262431560586838 -0.281980685166371 0.510368333966789
"2006-02-28" -1.58857101721187 -2.03419306190669 -1.44679143967026 -1.23439197940079 -1.28907346596022
"2006-03-01" 1.13661313153161 1.21020284925668 0.90412799192077 1.12755309413280 1.10629238924537
"2006-03-02" -0.963977782738084 -1.42696475434132 -0.190115753797096 0.719546762351704 -0.681480765984931
"2006-03-03" -0.398870729983570 -1.07832891174740 0.439628820320875 1.23057560940201 -0.128770011860039
"2006-03-06" 0.431406277351801 0.568167502611496 0.665166404349289 -0.743567388789661 0.0151580224123738
"2006-03-07" -0.37009198559465 -0.257192567995557 -0.687358089386709 -0.969290060402073 -0.67040773222903
"2006-03-08" -0.455745379123907 -1.15522321051118 -0.762623337435437 -1.06017741264436 -0.417946810557296
"2006-03-09" 0.768344070685654 1.03213554296363 0.737011426049237 0.57317696088866 0.372159846323356
"2006-03-13" 1.96994895716331 2.12204334989481 1.64119970904415 0.437221493004324 2.19811191534323
"2006-03-14" 0.189542367812791 0.268121367784288 -0.0369642291286493 0.22735894598729 -0.0149350326359173
"2006-03-15" 0.210247132378459 0.469015317643709 0.243376505907562 0.641390616074904 -0.269212715875882
"2006-03-17" 0.25611051479848 -0.273324868016732 0.573364435901785 1.58339264782693 0.429647541007921
"2006-03-20" -0.0500019952847461 0.346367857315788 -0.128428602185930 -0.0902704703284507 0.152733398206525
"2006-03-21" 0.195390975221845 0.153538222153012 -0.00667612451219942 -1.30056605366019 -0.0347480767953902
"2006-03-27" 0.26922720170495 0.00676583120185913 -0.319304822634277 3.97159544717605 -0.944044423512011
"2006-03-28" -0.241456301739610 -0.366520813365713 -0.613040323001874 0.231958576681267 -0.100289594586033
"2006-03-29" 0.585854472886811 0.409135026865204 0.395127837555054 1.45818471632744 0.131609477329869
"2006-03-30" 1.14872644652651 1.16666883420146 0.93533552017506 0.90700066771809 0.647994925999108
"2006-03-31" -0.368035823295043 -0.236066385527603 -0.844760361766256 -0.641331579228052 -0.149452657561799
"2006-04-03" 0.656925590648184 0.899946294621321 0.995929459036926 1.06223714626225 0.68564031657387
"2006-04-04" -0.945417023785051 -0.169464814312420 -0.325879413842740 -1.58539233736734 -0.333538229000841
"2006-04-05" 0.291939088157185 0.254918950141263 0.654009369187701 1.01719029310642 0.481970441298589
"2006-04-06" 0.0254706566965385 0.0363166316750682 0.0264685935142107 1.31140821133660 0.145743813160473
"2006-04-07" -0.911779735157668 -1.30956427924190 -0.324724021650336 -0.563982898766862 0.0357859019706616
"2006-04-10" 0.295410929306779 0.844411992122569 0.676421363368557 1.50411366012990 0.0505720199498361
"2006-04-11" -1.50776378662007 -1.59390607465715 -0.835855406408058 -0.247682145982346 -0.993910923238484
"2006-04-12" -0.539141956155811 -0.122272177486355 -0.261290122279069 -1.11677278241790 -0.656018646889157
"2006-04-18" 0.213336976409114 0.0225350586314512 0.718979593454692 2.04830988994981 -0.190739171895033
"2006-04-19" 1.21260181116645 1.53293845881338 0.753265085220512 0.524186156574785 1.11790226351061
"2006-04-20" 0.93874936488838 1.15319797286469 -0.138030783056318 1.99055514034926 0.0757392371644083
"2006-04-21" 0.871776416944506 0.517683708331547 0.840017711601605 0.185248837932016 0.451999159681931
"2006-04-24" -0.590808129178618 -0.257273114115561 -0.555947603250334 1.03439211011634 -0.212742352869758
"2006-04-25" 0.265856376189515 -0.00477056463013273 -0.198600017678090 -0.805906041829386 -0.438039329716859
"2006-04-26" 0.323809407181979 0.464799555308038 0.290380733782421 0.473998300136528 0.373632673787666
"2006-04-27" -0.740887806652326 -0.646909078787239 -0.728364079281135 -2.92718134641392 0.111446839015422
"2006-04-28" -0.483564120337909 -0.957976729152273 -0.610772313571764 -0.155340663452440 -0.406761725068913
"2006-05-02" 1.01232073020828 0.686502690342438 0.974795413438174 1.58877700194563 0.339908527243855
"2006-05-03" -0.905601040315713 -1.36987645803622 -1.19252825327708 0.55182933035265 -1.37289943260690
"2006-05-04" 0.762592354276743 1.17187149532888 0.44658866111789 1.21617941058280 0.0100439422557702
"2006-05-05" 1.00189999783930 1.21736669762213 0.903655375069049 0.386402421001304 1.1570634907173
"2006-05-08" -0.0756945006242657 0.240007892182145 -0.40464574738161 -1.13466445415254 0.56306106672057
"2006-05-09" 0.562175724397504 0.207683040243986 0.632565139660606 0.98891128490571 0.228033404001649
"2006-05-10" -0.640390462866636 -0.364464352673641 -0.364263262732368 0.338395917623639 -0.113335398642164
"2006-05-11" -0.290858654888589 -1.04592224398368 -0.682866723997176 0.396412378772393 -0.192471466309896
"2006-05-12" -2.16057164655168 -2.31302601561624 -2.17339847119705 -2.65965979336808 -1.78431537800157
"2006-05-15" -1.67595672419524 -1.00652238344211 -1.20477234449616 -5.46619422374032 -1.26772952880527
"2006-05-16" 0.331936117378836 -0.0872836646226664 0.083850272292503 0.0906488084271242 0.421828971856490
"2006-05-18" -3.46367796666332 -3.22740567978044 -3.03206126492072 -5.79569126007461 -3.67776803401186
"2006-05-22" -1.95826335284491 -2.13755350373464 -2.47953225690008 -5.67535003330301 -2.28980568197420
"2006-05-23" 2.42248144993058 2.35651316302746 2.60463909858814 7.34048761114183 1.89704876514640
"2006-05-24" -1.25512408729436 -1.62017156950892 -1.62619642879189 -2.62519013037836 -1.21166902423382
"2006-05-26" 3.53174492292 3.53653678608711 3.58446192334253 3.87713759181318 2.61478671966289
"2006-05-30" -3.04320915623098 -2.90850496892904 -2.42955234213718 -0.330345340114216 -1.92212480519658
"2006-05-31" 0.739209701513286 1.24488032667781 1.26234556605081 0.141384681036156 0.939383431375429
"2006-06-01" 0.346445336983473 0.258410996000737 0.451475905232054 0.475135875392424 0.169494906460069
"2006-06-02" 0.250530312254097 -0.360696613755265 0.258808756362579 1.47460432664288 0.62555823531559
"2006-06-06" -3.31627643721545 -3.29310310255755 -1.65819233498012 -2.81255437499872 -2.21746180321662
"2006-06-07" 0.558057459650213 0.744476468554233 0.641698389583391 -0.661864624281736 0.701813232291525
"2006-06-08" -2.95380346278455 -2.9405781714527 -2.54512726254581 -5.58839157985074 -2.75965706867734
"2006-06-09" 1.77396500951769 1.48979096190028 1.64559208552974 1.78000189147009 1.22202767112985
"2006-06-12" -0.948237917067204 -1.26212236892825 -0.608368244167028 -2.71906825791099 -1.38009815440763
"2006-06-13" -2.26093775897482 -1.93518388312209 -1.81863995376746 -3.8059561824345 -2.45463606539346
"2006-06-14" -0.0465719279339685 0.261367012565897 -0.232170168861132 0.368777307918484 0.224767823008347
"2006-06-19" 2.43107881881687 2.48011356769950 2.14327923208932 4.27832601648679 2.65581484703936
"2006-06-20" 0.871635846178083 0.9948091890768 0.568933590666767 -0.912798966598508 0.45929127812713
"2006-06-21" 0.0903076492861118 0.178230149517274 0.120107404575755 0.182734148043237 0.393929683111005
"2006-06-22" 0.59636719584136 0.543816910450135 0.336590884431946 1.51317710184478 0.753839818403599
"2006-06-23" 0.298100610320925 -0.0665271068252925 0.140644526620926 2.4674238686767 0.0334021420558772
"2006-06-26" -0.335581948177123 -0.273623745444482 -0.191677056566271 -0.287284882463448 -0.297002104685055
"2006-06-27" -0.632005722294256 -1.01114607175226 -0.509993605490832 2.38002987871543 -0.763937435943315
"2006-06-28" 0.0578298728354469 -0.0417734674937387 0.464218150898325 -1.17236279706820 0.338304891117978
"2006-06-29" 2.20385577692549 2.26126494638975 1.96866019113529 1.17004102230346 1.45865138806196
"2006-06-30" 1.73835465951892 1.80457947100689 0.720869537721798 0.546449447207875 1.46120599981206
"2006-07-03" 0.294774899821515 0.515620657994062 0.870476062643813 1.46249025022213 0.892491352977048
"2006-07-04" 0.0654322869448719 0.285272486915966 -0.0152958472073047 0.279510697706833 0.0919183156927508
"2006-07-05" -1.26359809042287 -1.82097991112891 -0.970102055513212 -1.57126976186592 -0.891667700203426
"2006-07-06" 0.913257592615094 1.23381802087030 1.08051952967809 1.61437663354178 0.591001342703873
"2006-07-07" -0.256850837165204 -0.239423809934961 -0.0186774656920134 1.03800913951465 -0.643239760023029
"2006-07-10" 0.579096824856764 0.42974486084154 0.135756609286713 -0.983584901244427 0.640643874501422
"2006-07-11" -1.37601230184730 -1.59475433314533 -0.673804254205361 -0.176987180596998 -0.455320876653361
"2006-07-12" 0.554783629331173 0.3870676762031 0.0563240868626758 1.74700525966527 0.489062133445944
"2006-07-13" -1.82173146830773 -1.97998247984305 -1.64468337049933 -1.02514384918252 -1.55609547230884
"2006-07-14" -1.48923528253606 -1.91923154821354 -1.00065336467391 -0.958332643913455 -1.07587756377873
"2006-07-17" -0.644434480399859 -0.0970553199208549 -0.115702202483834 -1.77304722874777 -0.0732937579868947
"2006-07-18" -0.327688698243946 -0.371932245571157 -0.33911143217826 -1.48939420102233 -0.534667708684419
"2006-07-19" 2.33804752676466 2.60508836695681 1.68071183163812 0.253688006017647 1.88921575815941
"2006-07-20" 0.380988930280802 0.117815714148664 -0.122955448475348 1.11746039228414 0.73379437180135
"2006-07-21" -0.96018846693951 -1.7243578236631 -0.891169109545205 -1.82846986199730 -0.543276829268266
"2006-07-24" 1.98044584531322 2.30383403451899 1.97693739366017 0.339655010941141 2.10679030829854
"2006-07-25" 0.369413654196196 -0.22057097137746 0.296103801253997 3.02434924048700 0.0578216667464419
"2006-07-26" 0.200078640112182 0.311063444726831 0.441667455686251 -0.102858327449330 0.388464517124123
"2006-07-27" 1.17074488320014 1.35153900755846 0.887644945287058 1.76133124912888 0.528345495116614
"2006-07-28" 0.544383440820883 0.815703247564454 0.762746885313263 -0.952753690679673 1.13903655066878
"2006-07-31" -0.380357763301856 -0.411859664913625 -0.782986727511594 -0.0453802875822046 -0.0591630336422876
"2006-08-02" 0.335403929733287 -0.0202415076566113 0.0640787853702569 1.73467424115335 -0.461917903417216
"2006-08-03" -0.850560526291715 -0.720620386568942 -1.5921495154386 -1.34281444665576 -1.21158069325476
"2006-08-04" 1.14259824179428 1.46090007744099 0.869733820243939 0.0474624546998478 1.03179056873034
"2006-08-07" -1.69269912579318 -1.69805925025794 -1.03429776303233 0.315841980738523 -1.27793191652903
"2006-08-08" 0.233971504185226 0.447751752385043 -0.183739930973879 0.375454301818917 0.0320839833092055
"2006-08-09" 1.14480240775907 0.896372538027795 0.726117621867432 -0.641597860588894 1.14314662647943
"2006-08-10" -0.970033971616484 -1.26790931074728 -0.635064057186358 -1.43075671862943 -0.49214512671338
"2006-08-11" 0.178274638268347 -0.0460062907061642 -0.0566839882914768 -0.0962684588880277 0.183406832368354
"2006-08-14" 1.22424267240193 1.12418004214244 0.869050033722233 -0.905317110338026 0.842646445222041
"2006-08-15" 1.34011718279506 1.47882159272290 0.458841128584033 0.868619020520451 1.62953219029933
"2006-08-16" 0.434828670572453 0.623657081835191 -0.0220441732208007 0.135257525692836 0.426138768126373
"2006-08-17" 0.146467447881188 0.353241054385466 0.0644231606582552 -1.11964677841240 0.285141375112808
"2006-08-18" -0.17800643383328 -0.283077439594346 0.0508310893880810 0.586728716507655 -0.353152185269929
"2006-08-21" -0.606231727937064 -0.382196239384847 0.199685308259261 1.88456673734440 -0.329579403511396
"2006-08-22" 0.462818109072903 0.406088781501675 -0.213237739247307 -0.0248652193376296 0.285038177396404
"2006-08-23" -0.893155130525345 -0.739527001236215 -0.72433282188361 0.965191136606415 -0.0235158702265082
"2006-08-24" 0.590845986668602 0.665080340203462 0.155169651991823 -0.543320974641412 0.250962876731739
"2006-08-25" -0.0336463885145853 -0.044901102207642 0.161733821442972 -0.101357067070145 0.0432058766712626
"2006-08-29" 0.957807827624487 0.609857883537217 0.164869289229992 -1.85599068354711 0.775755207358623
"2006-08-30" 0.434492823721214 0.350163189483428 0.693883098148532 1.08911402480481 0.217750407159580
"2006-08-31" -0.343067433637545 -0.135753958309660 -0.392044708504026 -0.131797233157798 -0.18836313163829
"2006-09-01" 0.355801076711434 0.289193128337265 0.725423250029867 1.25858880072540 0.2579920854363
"2006-09-04" 0.381065073620973 0.563029962875601 0.628369067416579 1.13421921894592 0.500631401355188
"2006-09-05" -0.585771459136672 -0.434975363174184 -0.0818829787652468 0.445247559584254 -0.0486133064190811
"2006-09-06" -1.11447378717969 -1.21415889786560 -0.879864630177181 -1.73227236319436 -0.651261525006004
"2006-09-07" -1.08947863130025 -0.679052353937858 -1.20808432646304 -1.06031626974734 -0.573046374851255
"2006-09-08" 0.266044212079325 0.372375522995076 0.361238827233377 -0.261717699257274 0.502054070862278
"2006-09-11" -0.301227640652247 0.055202300577578 -0.485930317396151 -3.59128342529042 -0.896624316804628
"2006-09-12" 1.32873399914406 1.29179311338305 0.761094400379478 0.504218588633954 1.24010134757881
"2006-09-13" 0.233049920851172 0.547880524678759 -0.0559905679006266 1.22167810416824 0.251054315692741
"2006-09-14" -0.274416501537097 0.0211622476451179 -0.254898433593059 -0.0278642086045636 -0.413478253360473
"2006-09-15" 0.409593579754093 0.514975929656515 -0.00340303891407026 -0.90515244965585 0.578878108641375
"2006-09-18" 0.0404203724177466 -0.194534880384919 0.224352531388030 0.886571996239332 0.345725183778797
"2006-09-19" -0.603532006041641 -0.896123639564751 -0.9964252378886 0.5697757163187 -0.311706205720972
"2006-09-20" 1.48905671477329 1.36831851880601 0.58813641920359 -0.618565838448682 1.33097985828505
"2006-09-21" 0.299585074073169 0.128394391447186 0.518580764131228 -2.27760659192654 0.373295480149156
"2006-09-22" -1.28249619975205 -1.32897986920442 -1.26974997186805 -0.278548396322857 -0.949125500834437
"2006-09-25" 0.0882543960926539 0.311243885104336 -0.413060153928855 -3.45388780515212 -0.289767785005392
"2006-09-26" 1.41039258340136 0.994251291817758 1.29029626195461 2.61596094891142 1.3487020863512
"2006-09-27" 0.449407170978975 0.486681674309188 0.957334251342378 1.91919791296018 0.360802730072143
"2006-09-28" 0.131705490533501 -0.0091828361170374 0.69235828692648 0.604288275337757 0.0427812577084465
"2006-09-29" 0 0.252970704772835 -0.175995888574066 -0.0726974294782715 0.109246801740885
"2006-10-02" -0.131133311590252 -0.0811410440734979 -0.0503414841232473 -0.49857820643499 -0.531919312604932
"2006-10-03" -0.446147704747424 -0.120750401606775 -0.348048674579527 -2.19773349490175 0.107325576444530
"2006-10-04" 0.701774682098449 0.899613080897336 0.49396921572203 0.682121054841905 0.697189728320018
"2006-10-05" 0.60654064346669 0.476998672873773 0.634869729102765 1.54154329910592 0.732318911436257
"2006-10-06" -0.122415131188809 0.173339626170242 -0.0549738887879696 -0.0848896485612997 0.119773149908722
"2006-10-09" 0.0507249130761093 -0.023335650570718 0.493680410248604 0.922834205819389 0.324544370723654
"2006-10-11" 0.536898589472305 0.574410474925232 0.703879182498108 0.817072180704984 1.03684548373614
"2006-10-12" 0.905324365650848 0.66500078531533 0.783944710912713 1.04244486438300 0.412438415711413
"2006-10-13" -0.154553477698727 0.217286342296523 0.586387750315499 1.66774811339613 -0.260897820689542
"2006-10-16" 0.163132782183505 0.208086986159427 0.244937144444218 1.60930988645671 -0.219866779925647
"2006-10-17" -1.10606324426963 -1.16148421072297 -1.03901268558446 -0.197806414303104 -1.12773076759073
"2006-10-18" 1.09338053395744 1.10068862752501 0.681950599471353 0.877140317041416 0.989778124902697
"2006-10-19" -0.0289151324229034 -0.086729993624481 0.0910095622851262 0.587092289558089 0.00580016124611152
"2006-10-20" 0.290822172932454 0.410331877876086 -0.0129962960739202 0.696943056771582 0.258345689544873
"2006-10-23" 0.675991435019364 0.644239247665781 0.176929428606556 -1.05274497393400 0.629738076413176
"2006-10-24" -0.134426143657789 0.073816517274881 0.265617311147517 0.54635951991858 -0.402067326204748
"2006-10-25" 0.327705011737579 0.278123391059269 0.517864205967698 -0.113852835629513 0.228305336350653
"2006-10-26" 0.212047348862045 0.307113654211713 -0.480669344898324 1.54991310051725 -0.100251790170210
"2006-10-27" -0.697336668854864 -0.345110183893463 -0.387179825473044 0.185332897908041 0.248716246398893
"2006-10-30" -0.628356466768748 -0.0694847692589864 -0.55502799611356 -1.29369592368223 -0.495741109116939
"2006-10-31" -0.252078378570065 0.171308508092864 0.0391644913622294 0.680356060374959 -0.960401294454516
"2006-11-01" 0.412889512358756 0.365900086754911 0.332280333090116 0.52933611050791 0.503996364437226
"2006-11-02" -1.13830268329302 -1.09579586052832 -0.00487848506873926 -0.87436981687998 0.378939771010853
"2006-11-03" 0.492751108083069 0.285932700617893 -0.0195163205849839 1.43520932077728 0.608850948532282
"2006-11-06" 1.23033662124087 1.42384562353722 1.23500268434556 1.88282309727383 1.14306554072112
"2006-11-07" 0.653499420749688 0.493358946786936 0.312788481348206 -0.927428983781076 0.420776277085521
"2006-11-08" -0.0114023617725059 -0.199823529541077 -0.0801089524536373 0.226841594425598 -0.668853239853077
"2006-11-09" 0.210182921753330 0.148253796057678 -0.120283884435482 0.916944483825582 -0.142524067932075
"2006-11-10" -0.0201907105062755 -0.0143121704808012 -0.371386048940213 -0.866134701849663 -0.324571713509404
"2006-11-13" 0.787346612577076 0.564013572164922 -0.228984345293236 0.133252978250333 0.186414660654142
"2006-11-14" -0.260421563011900 -0.0993653997574746 -0.122770757214420 0.795810427456855 -0.209311578828991
"2006-11-15" 0.641622323842215 0.67887736964938 0.695856678551026 0.589602159634705 0.655066536473711
"2006-11-16" -0.105470975762419 0.188443193863460 0.402092702551947 0.586146218916464 -0.0204771168935139
"2006-11-17" -1.20618011897317 -0.476999639583583 -1.01070202934198 -2.95929982999857 -0.497286484899645
"2006-11-20" 0.275920483100022 0.621392798630277 0.201669894511123 0.729534357644456 0.162231981565444
"2006-11-21" 0.0844779596679512 0.124838160306494 -0.0306276247447371 1.19860300615125 0.166527931906125
"2006-11-22" -0.125734998016193 0.243342224448156 -0.684308132682987 -0.18653398125488 0.0444365959764858
"2006-11-23" -0.508029242895589 -0.0135892854870224 -0.330073549920889 -0.741180854506927 -0.310328946467346
"2006-11-24" -0.654689826867451 -0.98222204541964 -0.291956723803837 0.0401474897364176 -1.26260819040423
"2006-11-27" -1.51076287313098 -1.79058814140360 -1.18303740892439 -1.07686649634286 -1.44767896494992
"2006-11-28" -0.0454079136271675 -0.262165438296081 -0.400795501741094 -1.14257503458883 -0.649020211588899
"2006-11-29" 1.40372026882419 1.29882225784264 0.96612726410929 2.05240657333965 1.26468768371520
"2006-11-30" -1.00123258061743 -0.86183825631735 -0.58682131935276 0.211389754445563 -1.00033083705255
"2006-12-01" -1.39091556108513 -1.0846044912765 -0.452350754352561 -0.219854646311638 -0.760729848644575
"2006-12-04" 0.796771648391955 0.86309480327698 0.478798784128514 0.359127495851224 0.699423551039447
"2006-12-05" 1.19392133284617 1.22467296823151 0.593238836919676 0.802306195984895 -0.322476138061196
"2006-12-06" -0.169369554535521 -0.0516389896825462 0.0640567663382824 -0.543268701322705 0.68152604319389
"2006-12-07" 0.532908119901974 0.680931460518361 0.674207662768149 -0.128381880012 0.714255296372915
"2006-12-08" 0.091978633996185 0.223979957255067 0.340283137557443 0.361572813509889 -0.35063559340716
"2006-12-11" 0.80283679397701 0.65148022552105 0.120205989036113 -0.0020983936797098 0.619789668822137
"2006-12-12" -0.0136350487295900 0.104282626156252 -0.0552118362217302 0.600439056162932 0.881603939850567
"2006-12-13" 0.899418775854566 0.686318088210747 0.584669125771561 -0.307091543549252 0.0968377927490354
"2006-12-14" 0.614088042026894 0.486639809636543 0.571637159037427 1.81212455806457 1.12403862342452
"2006-12-15" 0.579848157154475 0.551692580072572 0.512493114025523 0.822595184812675 0.117288708751418
"2006-12-18" -0.20411967412105 0.127710451391400 -0.201480791570169 1.80345171591646 0.42473035594807
"2006-12-19" -0.827234297198 -0.66521115575487 -0.698725064505966 -1.50636538313252 -0.69595559344116
"2006-12-20" 0.539314237803617 0.508356231057373 -0.0854666449928168 1.32005792202046 0.0878298666581509
"2006-12-21" -0.0731078391281941 -0.196795564114679 -0.240666228273617 -1.01169746426284 0.0524330066383273
"2006-12-22" -1.02971177965088 -1.08327911872247 0.101828887792315 0.363938208771892 -0.556506084254117
"2006-12-27" 1.56580225489408 1.61275735682742 0.887808198872335 0.400818285386199 1.08839805059594
"2006-12-28" -0.120107985183147 0.0446270884752567 -0.0688765934918504 0.954264890950343 -0.214462083277678
"2006-12-29" 0.151691387736114 -0.225457047078182 -0.32258869063814 0.025880174935174 -0.200125144965710
